9.899999999999999911e-01
9.899999999999999911e-01
9.899999999999999911e-01
9.899999999999999911e-01
9.899999999999999911e-01
9.899999999999999911e-01
9.899999999999999911e-01
9.899999999999999911e-01
9.899999999999999911e-01
9.899999999999999911e-01
9.899999999999999911e-01
9.899999999999999911e-01
9.899999999999999911e-01
9.899999999999999911e-01
9.899999999999999911e-01
9.899999999999999911e-01
9.899999999999999911e-01
9.899999999999999911e-01
9.899999999999999911e-01
9.899999999999999911e-01
9.899999999999999911e-01
9.899999999999999911e-01
9.899999999999999911e-01
9.899999999999999911e-01
9.899999999999999911e-01
9.899999999999999911e-01
9.899999999999999911e-01
9.899999999999999911e-01
9.899999999999999911e-01
9.899999999999999911e-01
9.899999999999999911e-01
9.899999999999999911e-01
9.899999999999999911e-01
9.899999999999999911e-01
9.899999999999999911e-01
9.899999999999999911e-01
9.899999999999999911e-01
9.899999999999999911e-01
9.892851625735681331e-01
9.889599412435359227e-01
9.886997641795105540e-01
9.733965770814911878e-01
9.561223455874738875e-01
9.624296876546609703e-01
9.574121976772063114e-01
9.433348420640457199e-01
9.672947302827168414e-01
9.562725499640564175e-01
9.474548057091276565e-01
9.303372466739809887e-01
9.367699267082643111e-01
9.167576616576881277e-01
9.057795314328296321e-01
9.221554363309452107e-01
9.151294329870367505e-01
9.346670393899132456e-01
9.502971245122140420e-01
9.275794199008480234e-01
9.345636652897582053e-01
9.200243343384855166e-01
9.033611877618654695e-01
9.000940341317730242e-01
8.773535839652986112e-01
8.641929056477209992e-01
8.637277266248553076e-01
8.532922197753664006e-01
8.499754961113702434e-01
8.624171626269792057e-01
8.623071322082623835e-01
8.722824715044930066e-01
8.651676974946710397e-01
8.645075601024153622e-01
8.539160865574140225e-01
8.353795440902089808e-01
8.255819919320472877e-01
8.177439502055179332e-01
7.913467895618936376e-01
7.953874701249965540e-01
7.734616054974765564e-01
7.710159592422591857e-01
7.640277604224835484e-01
7.584372013666631496e-01
7.388697086752075149e-01
7.483741236000462926e-01
7.509459737243148192e-01
7.530034538237295738e-01
7.546494379032616662e-01
7.308078160888847874e-01
7.268295640841820893e-01
7.135835988492225113e-01
7.080185084768573223e-01
6.985347543633629863e-01
6.708210238101663947e-01
6.687767666300103997e-01
6.822364063326844530e-01
6.628140272012260636e-01
6.724345329740550881e-01
6.600042103299174068e-01
6.701866794770077185e-01
6.682692911634831034e-01
6.617036986970618040e-01
6.564512247239243647e-01
6.371542000986161192e-01
6.317799440295659430e-01
6.224488573587309004e-01
6.149839880220633326e-01
6.392021834463265106e-01
6.585767397857374972e-01
6.489179757792634673e-01
6.462226463896861839e-01
6.390347010624218838e-01
6.232209811694140456e-01
6.105700052550077084e-01
5.853541790766833008e-01
5.853082453964247867e-01
6.003665438990168912e-01
5.771914099918910024e-01
5.888413937597881676e-01
5.730029716961028141e-01
5.955540067543616534e-01
5.934681075385676019e-01
6.068944336127309880e-01
6.126038126564602448e-01
5.920129068134407646e-01
5.906352275858310907e-01
5.593429933101383700e-01
5.494042513363830427e-01
5.515166213885827062e-01
5.532065174303426591e-01
5.394633888169515501e-01
5.184055222950348929e-01
5.065909108931031524e-01
5.172659490339590604e-01
5.056792522842429305e-01
4.762831676220692367e-01
4.829563907859274474e-01
4.581048784234162952e-01
4.633820776114106477e-01
4.676038369618062962e-01
4.458228353641196517e-01
4.485247613483714924e-01
4.758447112137751955e-01
4.725422620280959052e-01
4.497735754171515166e-01
4.315586261283961278e-01
4.270500303285885701e-01
4.284748355043440649e-01
4.396780432761524526e-01
4.234822004155965880e-01
4.306522533895524862e-01
4.464516593999143246e-01
4.289010933146059634e-01
4.249240040775561500e-01
4.016156054255155539e-01
4.081272955818860959e-01
4.133366477069820855e-01
4.024090839602600389e-01
4.037303965940793882e-01
3.997557648855398771e-01
4.016077413343033808e-01
3.930259588621176636e-01
3.660338056219679115e-01
3.695984921078512286e-01
3.674185594809558086e-01
3.606429315638373101e-01
3.401273837833436176e-01
3.287466273745437428e-01
3.347370676943093315e-01
3.244343745033163029e-01
3.463823108441268506e-01
3.438139326543740992e-01
3.266641846557732376e-01
3.179760680724875721e-01
3.210889384370624322e-01
2.984208256507194790e-01
3.004130626840464391e-01
2.869118068639089358e-01
3.012692112858019744e-01
3.127551348233161832e-01
3.219438736533277723e-01
3.343265465329388064e-01
3.190742757586250145e-01
2.968090955079695781e-01
2.890603149386493098e-01
2.878929722987884077e-01
2.819274163713046955e-01
2.670916079981133229e-01
2.552229612995603469e-01
2.759181348343226481e-01
2.471891373217289523e-01
2.694910756520578210e-01
2.621742172383179081e-01
2.663840941385231531e-01
2.596886320274904847e-01
2.442688987074603801e-01
2.419964756826402663e-01
2.653369463407870277e-01
2.437558683425024297e-01
2.214593241282727942e-01
2.136854523880863665e-01
2.074663549959367970e-01
2.125544407134214164e-01
2.065615456562049923e-01
1.967355477948366793e-01
2.140331585837380313e-01
2.278712472148591017e-01
2.037199454105561580e-01
2.095573130451164612e-01
1.991321617059661486e-01
2.159504497126413236e-01
2.092783528555806072e-01
2.039406753699324892e-01
2.147655788282200884e-01
2.133621379636458926e-01
2.122393852719867136e-01
2.012778194874620397e-01
1.824452032286387748e-01
1.774424738527841383e-01
1.583452449052941968e-01
1.833209162721040342e-01
2.083331351811537613e-01
2.132478648615951100e-01
2.121479667903457822e-01
1.911413210709455024e-01
1.793676863110270914e-01
1.548537330562936853e-01
1.352425704525067884e-01
1.396803676318782717e-01
1.029771508505739064e-01
1.339947592127330722e-01
1.386821186400595818e-01
1.273369607351142463e-01
1.132291525955636813e-01
1.120062697151198022e-01
1.160596452263668310e-01
9.917561837296347271e-02
8.063671507463894550e-02
1.060590469607810005e-01
1.012385033916913812e-01
9.738206853642027150e-02
9.932860246780493563e-02
1.109491932441166312e-01
1.001189386027654393e-01
9.145473488968464126e-02
1.197451446284191062e-01
1.272824269726079705e-01
1.333122528479591951e-01
1.331044317326380566e-01
1.228748112091771899e-01
1.247544784216124553e-01
1.212265303759586799e-01
1.033091264926369601e-01
9.400688520158127781e-02
9.159677398433174744e-02
9.470036682613454382e-02
8.711987746837977775e-02
8.105548598217567069e-02
8.123565460880755040e-02
7.634810769451833012e-02
8.250143379428323542e-02
7.736073104289858948e-02
8.331153247298744846e-02
8.807217361705853287e-02
1.019440501635195118e-01
9.291482413828761056e-02
8.569144331810180093e-02
8.494442047754802161e-02
8.937848402070756870e-02
7.783068940843591854e-02
8.368749916541773359e-02
7.327790152420447789e-02
8.004526885803216196e-02
5.526907183149703390e-02
7.570156873507016826e-02
7.192083899552841053e-02
8.399130065069329576e-02
9.867935179042747196e-02
1.154614745178094010e-01
1.288871726997150857e-01
1.094376403516420793e-01
9.387801447318366854e-02
1.116204046640149328e-01
1.107192713698808006e-01
9.993500110337692754e-02
9.130758489017339052e-02
7.937397010400887298e-02
7.989044190627368758e-02
6.520857390128682873e-02
8.365317039090243434e-02
7.828212032019409017e-02
8.404864389482398501e-02
8.866186275452819787e-02
1.074474832890899845e-01
1.124126160855425383e-01
1.012896768759063149e-01
1.125180527705978845e-01
1.416274807487518383e-01
1.649150231312752624e-01
1.432916025124924830e-01
1.360562296486627076e-01
1.202045677264024504e-01
1.075232381885939531e-01
1.275682654519449954e-01
1.134141963690282751e-01
1.020909411026948987e-01
8.800065507402621279e-02
1.169818807758929435e-01
1.049450886281860645e-01
1.204740639880164110e-01
1.077388351978854075e-01
1.227090612437763267e-01
1.095268330024929126e-01
1.140760958562651722e-01
1.026204606924842749e-01
1.035193161926564187e-01
1.143017642239982506e-01
1.128643590178676076e-01
9.158770759056196475e-02
7.456638644871774191e-02
1.062344658756458754e-01
1.164738839703893802e-01
1.347287820773814815e-01
1.292059733005743449e-01
1.298194080947304430e-01
1.353418377456570565e-01
1.196330542039973494e-01
8.190761829266719751e-02
1.070757695352035910e-01
7.689347237323432283e-02
7.287436190605944830e-02
1.048808462415195264e-01
1.053276246318844839e-01
9.562168371297943836e-02
8.785693097785554628e-02
1.068035378677521519e-01
1.118974597484722749e-01
1.059092336218448449e-01
9.608697090494758286e-02
1.133875698094257700e-01
8.194291259261206328e-02
9.704064134396261920e-02
8.899209708264238516e-02
1.077116707515813343e-01
1.075922842399336388e-01
1.125284568462177615e-01
9.131898585324194073e-02
9.447813632126270122e-02
8.694209306448215380e-02
7.084989482785389314e-02
9.822959076335280315e-02
8.994325661815452677e-02
1.084725983799913335e-01
9.813766271146491527e-02
1.049647596234429270e-01
1.053947553374229157e-01
9.064370646180819335e-02
7.884286736131684847e-02
9.959228697452147949e-02
9.103341358708903763e-02
9.928136032394192789e-02
1.109113995290265109e-01
1.151837490774923478e-01
1.135699469006624523e-01
1.072472233435966954e-01
1.122524081291480513e-01
1.212882377731915595e-01
1.184535378572221104e-01
9.605905066204556420e-02
1.083335517995095698e-01
9.299474363147766653e-02
1.008504243594529753e-01
9.203992349503452297e-02
1.051182500659003094e-01
1.055175476913888244e-01
1.058369857917796364e-01
1.161558999032962503e-01
1.093159857457038781e-01
1.139074180508338058e-01
1.125488820793357631e-01
1.265570987489361698e-01
1.327319902690220488e-01
1.225768580382848028e-01
1.094210704380998433e-01
1.089598039891484516e-01
9.349574538318848604e-02
8.112449849842065519e-02
7.625918280620852530e-02
8.243029388363538879e-02
8.736718274557730979e-02
9.634837565073298138e-02
8.843828452805838070e-02
8.211021162991870292e-02
5.692102604900597940e-02
6.192808666227165443e-02
6.090205333728918036e-02
6.008122667730333988e-02
5.942456534931466611e-02
7.902596354932428513e-02
6.451699121572716800e-02
6.297317698005358566e-02
5.670644377591287782e-02
6.175642084379689284e-02
6.579640249810410346e-02
6.902838782155029662e-02
7.664565789590938039e-02
7.770779213979467359e-02
7.352581771930744026e-02
8.024360181411510640e-02
1.057445563523614906e-01
8.589186545815721829e-02
7.504139455839578532e-02
8.648774510098747315e-02
1.057081891662576822e-01
8.083108989367247810e-02
6.092941047560387902e-02
7.016647601915196319e-02
7.252444663838844563e-02
7.441082313377762880e-02
7.591992433008912244e-02
8.215888710274016349e-02
8.211837550525871721e-02
6.195923896487301463e-02
7.099033881056726614e-02
7.318353687152097387e-02
5.481136805788296151e-02
6.527204208497537630e-02
7.364058130664900836e-02
6.524036723718894260e-02
4.342515053482216836e-02
6.622643169773070881e-02
5.930904755005457496e-02
6.887018567871265595e-02
9.664582344403954695e-02
9.370792457829822675e-02
8.632592367011043821e-02
7.538864112795806705e-02
7.670217872543361182e-02
6.768964517221719157e-02
8.563802740764643595e-02
7.987000593358928313e-02
8.028727056993859024e-02
7.558940046342287056e-02
7.183110437821015049e-02
6.379278569443798397e-02
5.736213074742053941e-02
7.737601586780940011e-02
8.332376033291666317e-02
6.292354682699966006e-02
5.666673965346973735e-02
5.669297573024750098e-02
6.174564640726459136e-02
4.062937387088254998e-02
2.876803765737179219e-02
3.437401413336971245e-02
2.879543168296408093e-02
1.930088390703730422e-02
1.673692750189772691e-02
3.481248964018703734e-02
9.019484826016822138e-03
1.354349005268318251e-02
2.219437604961882471e-02
8.988357584766504954e-03
3.455224628478959208e-03
3.928217278825059389e-02
3.775364042247062596e-02
5.162585997664521920e-02
4.762859017318632482e-02
5.449413796161622220e-02
7.004993982356354232e-02
3.720944497271787971e-02
5.622218543244486555e-02
7.143237780022673733e-02
6.850548624765338823e-02
6.616397300559455352e-02
8.944917148994308009e-02
8.291892119942617656e-02
6.763135733580867559e-02
6.043298806051709132e-02
5.970597445588552571e-02
5.912436357218027461e-02
8.884916575881406098e-02
8.747059843011797953e-02
7.630438093596439431e-02
7.743477057183839607e-02
7.330740046494242657e-02
5.491045893261983779e-02
5.528795115356786166e-02
5.558994493032614476e-02
5.079985813613063783e-02
3.187274325397595337e-02
4.188946042624763777e-02
3.983947053286840401e-02
2.310443317136616839e-02
2.481144872896266090e-02
3.624042480623686224e-02
5.041528748365849133e-02
4.666013217879694253e-02
5.371937156610471359e-02
4.930339944475364139e-02
5.583398537886950092e-02
6.105845412616233564e-02
6.020634730840157545e-02
4.946129822298957202e-02
6.099198621706065915e-02
4.505812753431470696e-02
4.237440421932206491e-02
5.532247101412651052e-02
5.561756081877292091e-02
4.075858721568437204e-02
1.377636288641497300e-02
2.741235613219857037e-02
3.832115072882587292e-02
2.692145914372687937e-02
2.283338769124938772e-02
3.465797597606652680e-02
2.902260115712138738e-02
3.457766493316895978e-02
3.902171595400716342e-02
1.741854769267519101e-02
1.019937671480590849e-02
1.951908537931643789e-02
1.691148867972103176e-02
1.482541132004513464e-02
3.831495851030695260e-02
2.188482355331658122e-02
3.389912466572014144e-02
2.338383829324186536e-02
2.000329101086180394e-02
-1.289123770864009089e-02
6.078275656155086165e-03
2.628556816359264511e-02
1.729299309154015349e-02
2.016229666510227503e-02
7.362694077153265036e-03
-1.797203344001232703e-02
-2.817645182254082878e-02
-1.621325926616279389e-02
-1.611023405457956545e-03
1.007076528310548759e-02
3.954292349635721987e-02
3.796224098895564780e-02
2.160264953623567546e-02
2.864170363646039233e-02
5.439967417904086056e-02
4.481595971950085716e-02
2.708562452067156054e-02
2.296471999280527351e-02
1.966799637051224250e-02
1.703061747267753390e-02
1.492071435441033600e-02
1.323279185979657838e-02
-8.244273398295831959e-03
9.795847104430066912e-03
-9.304655713847864934e-04
5.518479191600533578e-04
1.683274415839477664e-02
2.482577933418781552e-02
1.109348021242127086e-02
1.520268636180688304e-02
8.426687650111831102e-03
3.005888680755219953e-03
8.732613136474044052e-03
8.282310885446975482e-03
1.798543271582957528e-02
-9.473842529071420035e-03
3.780509984214575330e-03
9.352310179241386454e-03
8.778068519661275798e-03
3.850876608560156733e-02
3.713491506035140194e-02
4.106751605575312269e-02
3.415023322087051838e-02
1.855304332176786059e-02
1.613865503368216991e-02
9.175462587612060253e-03
2.373163589315652189e-02
1.021816545959666235e-02
9.470752743945355656e-03
1.390450438702615227e-02
1.745150570149078817e-02
-4.869302324939895135e-03
-7.630903299286018356e-03
-1.487186589435793987e-02
4.493773107580523000e-03
1.495460249353612950e-02
-1.693018852250105510e-02
-4.243802133533023518e-02
-3.265419669199616515e-02
-1.979545516172720454e-02
-1.454014375311345544e-02
4.759150820576252966e-03
-4.959822598468122297e-03
-2.671637702506757337e-03
1.928563747666345307e-02
6.661366726402207644e-03
1.593631941787521100e-03
-7.492237701498538627e-03
3.341120306714628896e-04
-3.468171814796505801e-03
-1.154168070676604534e-02
-1.800048782034196007e-02
-1.813585169560738564e-02
-3.149097349013630070e-03
3.808624312659247921e-03
-5.720243804801583738e-03
6.783388963630444107e-03
1.691249731570110401e-03
-1.747750710087672341e-02
-1.771746712003547872e-02
-1.287775331976064377e-02
-3.974300463938362608e-03
-1.697826544168137483e-02
-2.234975560827408281e-02
-1.658358411035152497e-02
-1.197064691201319558e-02
1.783066477861439255e-03
-7.340690072639688944e-03
-2.470305894424456097e-02
-1.343454496352549689e-02
-4.419733778950530288e-03
-2.239566646892399149e-03
-1.055879657244247587e-02
-3.734090777528394078e-02
-3.360818765956139625e-02
-2.559032975138109123e-02
-4.936613431843426408e-02
-5.832341434088022386e-02
-2.523578383403517547e-02
-2.895577032215683813e-02
-1.741668619056469100e-03
9.966249112226677545e-03
9.269219666049367118e-03
1.877495974031120549e-02
1.221142721718138091e-03
-7.790229077554045728e-03
-4.935962885775069947e-03
1.244249551444696206e-02
1.628189860342743600e-02
4.258375627813393294e-03
1.979796632531787351e-02
2.719795706772601060e-02
-2.103823047553987548e-03
9.676525569428662266e-03
1.406912264741322360e-02
7.519836678596902857e-03
7.312089719145831342e-03
1.720925578278880222e-02
-5.063102259902052885e-03
1.234078401514509052e-02
1.116884758838381300e-02
2.029466207817876011e-02
3.262699548561016905e-02
3.242949858035828331e-02
3.730318287175862085e-02
3.113876667367492315e-02
3.123891553080966610e-02
3.131903461651788095e-02
2.131976625388034771e-02
3.256987932573451872e-03
-2.125659835567575082e-02
-2.074074012387470273e-02
-2.013262760328871298e-04
6.166841171043557952e-03
1.126137512870499860e-02
1.030532047923173912e-02
2.463552220645226498e-02
3.106800177263409346e-02
3.118230360997742423e-02
2.121038144864826475e-02
1.826452553518649255e-02
8.127953576185121144e-04
-1.314858878443629989e-02
5.872394795517977412e-03
5.994136212682122516e-03
1.059847530811452998e-03
1.723914384771632266e-02
1.508753545444108113e-02
1.336624873982117379e-02
3.714762844612806703e-02
1.088759587076992830e-02
-5.706655831261286949e-05
1.634561257641706927e-02
-1.581738045619616312e-02
3.737361458109944752e-03
4.286109542756122784e-03
-5.338255620723941948e-03
2.057297695290572111e-03
2.942058532500624324e-03
3.649867202268808689e-03
1.931115958488192202e-02
1.674514804417341976e-02
3.481906607400730991e-02
1.908810960427729381e-02
3.166175350648856718e-02
3.668898681266270778e-02
2.058404619520146778e-02
2.668411885630206631e-03
-6.632413746424959365e-03
2.114869845713087879e-02
1.318349732637074181e-02
-1.834707265623336525e-02
-1.841311956432037031e-02
-1.846595709079039763e-02
-2.857159074316300076e-02
-2.659273403386422027e-02
-3.507301229762234407e-02
-4.185723490862898466e-02
-2.212620391943147594e-02
-2.646810639047388058e-02
-2.994162836730822688e-02
-3.272044594877528134e-02
-2.488013638275248310e-02
-3.370293417673266706e-02
-1.057108151831940429e-02
-1.722400846958436343e-02
-4.267307729299716496e-02
-1.774719601133085620e-02
-2.838172801592975508e-03
4.057363950595771832e-03
9.573793352346628149e-03
-2.123483583545251671e-02
-1.065996647649214424e-02
2.831610826278563395e-03
-1.153353640950811713e-02
-2.898926935736767605e-03
-1.611796661912023865e-02
-2.669319836582673133e-02
-5.024842920999077894e-02
-4.896588662292131883e-02
-4.793985255326589645e-02
-4.208734348194696079e-02
-5.753206348729236752e-02
-5.479279404476287280e-02
-5.260137849073914101e-02
-4.581656423192512900e-02
-4.542039464046894459e-02
-5.516682259850824721e-02
-6.296396496493912587e-02
-4.907495159568356358e-02
-2.286869545348011595e-02
-4.215714506451889027e-02
-4.752454112214579696e-02
-4.678677615264562051e-02
-6.632329143944630523e-02
-7.188914003768971661e-02
-6.124677346948601692e-02
-5.273288021492277683e-02
-5.598512924246890066e-02
-4.852356483330880210e-02
-5.261767693717800398e-02
-4.079792117347409708e-02
-3.134211656251153361e-02
-2.880915468934333243e-02
-3.181446700640364750e-02
-4.428208049125573198e-02
-2.909776220113471576e-02
-5.217208027823758837e-02
-6.559985292432486681e-02
-6.124702559438902072e-02
-6.782812736164416101e-02
-6.302964514424402864e-02
-4.409581392352493467e-02
-3.901211257815404704e-02
-6.513524239545490091e-02
-6.087533717129289812e-02
-6.753077662316685215e-02
-6.279176455346231756e-02
-7.912728216009981552e-02
-7.206896898300883814e-02
-8.654904570373674055e-02
-9.310142526472447999e-02
-1.084066925447110946e-01
-9.046081547510312348e-02
-7.610411381941660502e-02
-8.474547975726808013e-02
-9.165857250754926022e-02
-6.699895581416939749e-02
-8.249303516866533792e-02
-7.476157138986110062e-02
-8.870312762921842009e-02
-1.048880544363065409e-01
-8.764590498837919463e-02
-7.385218543003731206e-02
-6.784889159895897415e-02
-5.298289290289943942e-02
-5.115345757724867881e-02
-3.459486386992906976e-02
-3.141135253527736065e-02
-4.395958891435469695e-02
-4.393481438641231446e-02
-4.894667657966067509e-02
-7.308289359665991192e-02
-4.207504905426091846e-02
-6.255390976073869902e-02
-6.887363469472376765e-02
-7.392941464191196688e-02
-8.300572041526450839e-02
-7.517171958714073676e-02
-6.890451892464143080e-02
-7.395412202584594752e-02
-7.296212269120730398e-02
-7.216852322349680271e-02
-6.650196183372614200e-02
-5.693703090631459240e-02
-6.438013161118476269e-02
-7.033461217508048258e-02
-8.012987844179947361e-02
-5.777600056156942387e-02
-6.001962551978650556e-02
-5.678284367075790012e-02
-6.425678182273912575e-02
-6.520425052872198812e-02
-6.093054367790671361e-02
-7.763830545965505481e-02
-7.087778762265273258e-02
-8.559610061545158688e-02
-5.208561466929424733e-02
-7.056236225276535379e-02
-7.528039668834481113e-02
-8.911818786800580761e-02
-8.006169354933377613e-02
-9.294322535679669373e-02
-8.815340535596832838e-02
-9.941659480210418565e-02
-1.084271463590127382e-01
-8.544549671094188448e-02
-8.215522243928462254e-02
-9.461804846875737640e-02
-8.949326384553657476e-02
-9.042511796256179346e-02
-8.613891944058026107e-02
-8.774164243859701451e-02
-9.405550265261269915e-02
-7.897986356142397413e-02
-8.201439773527213761e-02
-8.444202507435037697e-02
-6.625739968321227302e-02
-9.196315389510374694e-02
-9.743271181781808232e-02
-8.671331270918331002e-02
-9.826452068467617096e-02
-7.228371435587065130e-02
-6.659411473962535688e-02
-7.210579867783338537e-02
-6.645178219719553858e-02
-6.696025082828711839e-02
-5.730366210196394250e-02
-5.461007293650013694e-02
-6.755024705093504167e-02
-7.287070452688056144e-02
-6.203202506083869278e-02
-7.851949056600063259e-02
-8.164609933893346438e-02
-8.414738635727943283e-02
-8.111673415635466122e-02
-7.869221239561455250e-02
-9.687932224942344406e-02
-7.117555560766888889e-02
-5.564422410986722550e-02
-4.825084072722773954e-02
-3.227277038991190061e-02
-5.471208682925948058e-02
-5.253681271833628152e-02
-4.576491161400327023e-02
-8.060084525533853239e-02
-7.324781945919980886e-02
-8.246044426909478198e-02
-8.479886230140892822e-02
-7.660623309605583964e-02
-9.521053880977632666e-02
-8.493557430275018583e-02
-6.162055725033042247e-02
-7.315863450199913687e-02
-6.729405085652828689e-02
-5.253902030895432618e-02
-7.092508676449327254e-02
-6.550721266652317909e-02
-6.620459520374950835e-02
-8.185754668032957371e-02
-5.412645333679151627e-02
-7.219503318676316617e-02
-5.142812435754038486e-02
-4.990964274096115066e-02
-4.869485744769761620e-02
-4.772302921308693713e-02
-4.191388480980365316e-02
-3.223488747157503970e-02
-3.455505323218872882e-02
-3.641118584068010755e-02
-1.776936466507237494e-02
-1.795095317139186117e-02
-1.306454216084560610e-02
-4.123731536806474543e-03
-2.716117393118011591e-02
-3.049608239987264963e-02
-3.819569099042894461e-02
-5.441874149407795180e-02
-3.720709100339263803e-02
-5.362786150444875943e-02
-5.166943245848756860e-02
-4.507100740612415835e-02
-3.979226736423342736e-02
-4.563263896191785407e-02
-6.539998168686410318e-02
-6.108712860442011561e-02
-5.763684613846464799e-02
-5.990830198130225881e-02
-5.669378483997036811e-02
-5.412217112690527465e-02
-5.206488015645334422e-02
-5.041904738009179987e-02
-3.903901752780569723e-02
-3.999835727717311606e-02
-6.089255633906845433e-02
-6.754455195738771900e-02
-5.777110300524412878e-02
-9.020579836833064746e-02
-8.596346376519506394e-02
-7.753791426708503409e-02
-8.589252011540296494e-02
-7.748115934725136045e-02
-9.087879799513061407e-02
-7.643849983543873905e-02
-7.494962493888195076e-02
-7.375852502163625368e-02
-6.274228145664295653e-02
-6.902433205144689610e-02
-6.901829071168848195e-02
-4.385504856187907863e-02
-4.385118210443224307e-02
-1.365799804487721758e-02
-3.478858713763628707e-02
-4.666137659624212258e-02
-4.106456271632766275e-02
-4.665047524359309389e-02
-4.105584163420843841e-02
-2.651677111549659641e-02
-2.998056014732597419e-02
-3.778327318839132254e-02
-5.912048906804301396e-02
-7.619026177176380088e-02
-6.971935267233959899e-02
-8.970103447080363113e-02
-8.052797083157159364e-02
-7.822120173578782365e-02
-8.140746827476307013e-02
-6.886143605914440968e-02
-7.391965573344805307e-02
-6.790286784168700351e-02
-7.818448297508454048e-02
-8.137809326620058792e-02
-9.399634513029014871e-02
-9.402758299036478862e-02
-7.392584601602365801e-02
-8.803454733014888511e-02
-9.932150838144906957e-02
-9.325603177569022351e-02
-8.840365049108314666e-02
-8.955342727899946731e-02
-8.040988507812869834e-02
-9.322177857983292293e-02
-9.340792974999914677e-02
-7.846180523933342366e-02
-8.663163289320152671e-02
-8.310413138509176179e-02
-1.004088574410047924e-01
-9.412591102333466020e-02
-7.400450844239969683e-02
-5.790738637765144997e-02
-7.018809780385595887e-02
-4.479089423561291583e-02
-3.956817682782443057e-02
-5.551673016399405469e-02
-5.318052738612380481e-02
-3.621651971702917472e-02
-5.786708629095330125e-02
-6.512417591889559099e-02
-9.105657488365040408e-02
-9.670744860865526649e-02
-7.103805669505405818e-02
-9.075599768897504860e-02
-5.621353232811330397e-02
-5.373796911741948734e-02
-6.685256399567052199e-02
-6.224919445146497726e-02
-7.366154426290663637e-02
-7.272806048085626862e-02
-8.204463708641968056e-02
-9.452958018646527572e-02
-9.445417103530502623e-02
-1.044572073455739825e-01
-9.233290913138816891e-02
-8.263347056003951530e-02
-5.977887425616188605e-02
-6.162192447546033236e-02
-7.315972828210277890e-02
-5.219988043381249693e-02
-6.562209304878478811e-02
-6.629649950955851523e-02
-5.174097923137850608e-02
-7.028665390243275801e-02
-5.493310274567804463e-02
-7.787203452947438764e-02
-9.622317995651102907e-02
-9.580905085134149013e-02
-1.005094293828079910e-01
-8.917468676117508430e-02
-8.513857447947117962e-02
-9.197304828531188692e-02
-9.240894551438216808e-02
-8.772598148203628043e-02
-6.888456480936114290e-02
-6.387479510241789171e-02
-6.993034296806684147e-02
-6.974309944498457980e-02
-8.468835007331705633e-02
-7.148614149798789008e-02
-7.601942008452340638e-02
-8.970940658494869213e-02
-7.550298670729277406e-02
-7.923289625196688890e-02
-5.705841480970335472e-02
-7.454060236509221782e-02
-5.330457970020390651e-02
-6.650585246189777422e-02
-9.216191611805157891e-02
-6.740163070257097766e-02
-5.262508418578875496e-02
-7.099393786596053246e-02
-6.053061173210210616e-02
-7.228667808741633116e-02
-8.169153117166771949e-02
-9.424709545466357363e-02
-8.416481961865969474e-02
-8.616236258106085844e-02
-1.028554423977802029e-01
-9.105149717315300095e-02
-8.160834099345137815e-02
-7.908549786529164849e-02
-7.706722336276428109e-02
-7.042092194513997760e-02
-7.516724444224465174e-02
-7.393262062432626180e-02
-7.797660338559353477e-02
-8.624347141020934082e-02
-9.788864764549742858e-02
-9.210974318692849439e-02
