3.979999999999999982e+00
3.979999999999999982e+00
3.979999999999999982e+00
3.979999999999999982e+00
3.979999999999999982e+00
3.979999999999999982e+00
3.979999999999999982e+00
3.979999999999999982e+00
3.979999999999999982e+00
3.979999999999999982e+00
3.979999999999999982e+00
3.979999999999999982e+00
3.979999999999999982e+00
3.979999999999999982e+00
3.979999999999999982e+00
3.979999999999999982e+00
3.979999999999999982e+00
3.979999999999999982e+00
3.979999999999999982e+00
3.979999999999999982e+00
3.979999999999999982e+00
3.979999999999999982e+00
3.979999999999999982e+00
3.979999999999999982e+00
3.979999999999999982e+00
3.979999999999999982e+00
3.979999999999999982e+00
3.979999999999999982e+00
3.979999999999999982e+00
3.979999999999999982e+00
3.979999999999999982e+00
3.979999999999999982e+00
3.979999999999999982e+00
3.979999999999999982e+00
3.979999999999999982e+00
3.979999999999999982e+00
3.979999999999999982e+00
3.979999999999999982e+00
3.978570325147136266e+00
3.977919882487071845e+00
3.977399528359021108e+00
3.946793154162982376e+00
3.912244691174947775e+00
3.924859375309321941e+00
3.914824395354412623e+00
3.886669684128091440e+00
3.934589460565433683e+00
3.912545099928112613e+00
3.894909611418255313e+00
3.860674493347961977e+00
3.873539853416528622e+00
3.833515323315376477e+00
3.811559062865659264e+00
3.844310872661890421e+00
3.830258865974073501e+00
3.869334078779826491e+00
3.900594249024428084e+00
3.855158839801696047e+00
3.869127330579516411e+00
3.840048668676971033e+00
3.806722375523730939e+00
3.800188068263546270e+00
3.754707167930597222e+00
3.728385811295441776e+00
3.727455453249710615e+00
3.706584439550733023e+00
3.699950992222740709e+00
3.724834325253958411e+00
3.724614264416524989e+00
3.744564943008986013e+00
3.730335394989341857e+00
3.729015120204830502e+00
3.707832173114828045e+00
3.670759088180417962e+00
3.651163983864094575e+00
3.635487900411035866e+00
3.582693579123787053e+00
3.590774940249993108e+00
3.546923210994953113e+00
3.542031918484518371e+00
3.528055520844967319e+00
3.516874402733326299e+00
3.477739417350415252e+00
3.496748247200092585e+00
3.501891947448629416e+00
3.506006907647459148e+00
3.509298875806523554e+00
3.461615632177769797e+00
3.453659128168363956e+00
3.427167197698445023e+00
3.416037016953714645e+00
3.397069508726725751e+00
3.341642047620332789e+00
3.337553533260020799e+00
3.364472812665368906e+00
3.325628054402452349e+00
3.344869065948110176e+00
3.320008420659834592e+00
3.340373358954015437e+00
3.336538582326966207e+00
3.323407397394123386e+00
3.312902449447848952e+00
3.274308400197232238e+00
3.263559888059131886e+00
3.244897714717462023e+00
3.229967976044126665e+00
3.278404366892653243e+00
3.317153479571475216e+00
3.297835951558527157e+00
3.292445292779372146e+00
3.278069402124843990e+00
3.246441962338828091e+00
3.221140010510015195e+00
3.170708358153366824e+00
3.170616490792849795e+00
3.200733087798033782e+00
3.154382819983782227e+00
3.177682787519576557e+00
3.146005943392205850e+00
3.191108013508723307e+00
3.186936215077134982e+00
3.213788867225462198e+00
3.225207625312920712e+00
3.184025813626881529e+00
3.181270455171662181e+00
3.118685986620276740e+00
3.098808502672766085e+00
3.103033242777165412e+00
3.106413034860685318e+00
3.078926777633903100e+00
3.036811044590069564e+00
3.013181821786206527e+00
3.034531898067918121e+00
3.011358504568486083e+00
2.952566335244138251e+00
2.965912781571854673e+00
2.916209756846832590e+00
2.926764155222821184e+00
2.935207673923612592e+00
2.891645670728239192e+00
2.897049522696742763e+00
2.951689422427550280e+00
2.945084524056191810e+00
2.899547150834302922e+00
2.863117252256792256e+00
2.854100060657176918e+00
2.856949671008687908e+00
2.879356086552304905e+00
2.846964400831192954e+00
2.861304506779104972e+00
2.892903318799828760e+00
2.857802186629212038e+00
2.849848008155112300e+00
2.803231210851031108e+00
2.816254591163771970e+00
2.826673295413963949e+00
2.804818167920520189e+00
2.807460793188158554e+00
2.799511529771079754e+00
2.803215482668606651e+00
2.786051917724235327e+00
2.732067611243935712e+00
2.739196984215702457e+00
2.734837118961911617e+00
2.721285863127674620e+00
2.680254767566687235e+00
2.657493254749087264e+00
2.669474135388618663e+00
2.648868749006632495e+00
2.692764621688253701e+00
2.687627865308748198e+00
2.653328369311546364e+00
2.635952136144974922e+00
2.642177876874124642e+00
2.596841651301438958e+00
2.600826125368092878e+00
2.573823613727817872e+00
2.602538422571603949e+00
2.625510269646632366e+00
2.643887747306655545e+00
2.668653093065877613e+00
2.638148551517249807e+00
2.593618191015939267e+00
2.578120629877298509e+00
2.575785944597576815e+00
2.563854832742609169e+00
2.534183215996226757e+00
2.510445922599120472e+00
2.551836269668645407e+00
2.494378274643457960e+00
2.538982151304115753e+00
2.524348434476635816e+00
2.532768188277046306e+00
2.519377264054980969e+00
2.488537797414920760e+00
2.483992951365280533e+00
2.530673892681574166e+00
2.487511736685005026e+00
2.442918648256545477e+00
2.427370904776172900e+00
2.414932709991873594e+00
2.425108881426842888e+00
2.413123091312409763e+00
2.393471095589673414e+00
2.428066317167476118e+00
2.455742494429718370e+00
2.407439890821112094e+00
2.419114626090232978e+00
2.398264323411932075e+00
2.431900899425282425e+00
2.418556705711161214e+00
2.407881350739864867e+00
2.429531157656440232e+00
2.426724275927291785e+00
2.424478770543973205e+00
2.402555638974924079e+00
2.364890406457277550e+00
2.354884947705568443e+00
2.316690489810588449e+00
2.366641832544208235e+00
2.416666270362307412e+00
2.426495729723190387e+00
2.424295933580691731e+00
2.382282642141890783e+00
2.358735372622054349e+00
2.309707466112587149e+00
2.270485140905013743e+00
2.279360735263756599e+00
2.205954301701147813e+00
2.267989518425466144e+00
2.277364237280119053e+00
2.254673921470228493e+00
2.226458305191127529e+00
2.224012539430239688e+00
2.232119290452733829e+00
2.198351236745927029e+00
2.161273430149277974e+00
2.212118093921561890e+00
2.202477006783382762e+00
2.194764137072840349e+00
2.198657204935609677e+00
2.221898386488233346e+00
2.200237877205530879e+00
2.182909469779369172e+00
2.239490289256838018e+00
2.254564853945216107e+00
2.266624505695918224e+00
2.266208863465275947e+00
2.245749622418354186e+00
2.249508956843224716e+00
2.242453060751917526e+00
2.206618252985273809e+00
2.188013770403162361e+00
2.183193547968663495e+00
2.189400733652269171e+00
2.174239754936759361e+00
2.162110971964351425e+00
2.162471309217615101e+00
2.152696215389036549e+00
2.165002867588566637e+00
2.154721462085797068e+00
2.166623064945974786e+00
2.176144347234116871e+00
2.203888100327039190e+00
2.185829648276575110e+00
2.171382886636203491e+00
2.169888840955096043e+00
2.178756968041414943e+00
2.155661378816871920e+00
2.167374998330835467e+00
2.146555803048408873e+00
2.160090537716064407e+00
2.110538143662993971e+00
2.151403137470140337e+00
2.143841677991056738e+00
2.167982601301386758e+00
2.197358703580854833e+00
2.230922949035618608e+00
2.257774345399430338e+00
2.218875280703284325e+00
2.187756028946367337e+00
2.223240809328030032e+00
2.221438542739761601e+00
2.199870002206753661e+00
2.182615169780346864e+00
2.158747940208017635e+00
2.159780883812547181e+00
2.130417147802573741e+00
2.167306340781804952e+00
2.156564240640387986e+00
2.168097287789648053e+00
2.177323725509056285e+00
2.214894966578179858e+00
2.224825232171085077e+00
2.202579353751812796e+00
2.225036105541195575e+00
2.283254961497503732e+00
2.329830046262550525e+00
2.286583205024984800e+00
2.272112459297325415e+00
2.240409135452805067e+00
2.215046476377187989e+00
2.255136530903889991e+00
2.226828392738056550e+00
2.204181882205389797e+00
2.176001310148052426e+00
2.233963761551785776e+00
2.209890177256371935e+00
2.240948127976032822e+00
2.215477670395770815e+00
2.245418122487552459e+00
2.219053666004985992e+00
2.228152191712530428e+00
2.205240921384968633e+00
2.207038632385312837e+00
2.228603528447996585e+00
2.225728718035735021e+00
2.183175415181124013e+00
2.149132772897435650e+00
2.212468931751291557e+00
2.232947767940778760e+00
2.269457564154762963e+00
2.258411946601148745e+00
2.259638816189460719e+00
2.270683675491314002e+00
2.239266108407994782e+00
2.163815236585334478e+00
2.214151539070407182e+00
2.153786944746468812e+00
2.145748723812118897e+00
2.209761692483039219e+00
2.210655249263768773e+00
2.191243367425959043e+00
2.175713861955711259e+00
2.213607075735504193e+00
2.223794919496944633e+00
2.211818467243689579e+00
2.192173941809895332e+00
2.226775139618851540e+00
2.163885825185224210e+00
2.194081282687925238e+00
2.177984194165284659e+00
2.215423341503162558e+00
2.215184568479867444e+00
2.225056913692435412e+00
2.182637971706483881e+00
2.188956272642525569e+00
2.173884186128964391e+00
2.141699789655707953e+00
2.196459181526705606e+00
2.179886513236309220e+00
2.216945196759982473e+00
2.196275325422929914e+00
2.209929519246885743e+00
2.210789510674845637e+00
2.181287412923616387e+00
2.157685734722633697e+00
2.199184573949042765e+00
2.182066827174177881e+00
2.198562720647883939e+00
2.221822799058053022e+00
2.230367498154984585e+00
2.227139893801324710e+00
2.214494446687193197e+00
2.224504816258296103e+00
2.242576475546383286e+00
2.236907075714444026e+00
2.192118101324091128e+00
2.216667103599019306e+00
2.185989487262955500e+00
2.201700848718906034e+00
2.184079846990068852e+00
2.210236500131800508e+00
2.211035095382777538e+00
2.211673971583559162e+00
2.232311799806592667e+00
2.218631971491407562e+00
2.227814836101667417e+00
2.225097764158671332e+00
2.253114197497872340e+00
2.265463980538044098e+00
2.245153716076569772e+00
2.218842140876199576e+00
2.217919607978296792e+00
2.186991490766376778e+00
2.162248996996841477e+00
2.152518365612416940e+00
2.164860587767270861e+00
2.174734365491154620e+00
2.192696751301466129e+00
2.176876569056116928e+00
2.164220423259837212e+00
2.113842052098012125e+00
2.123856173324543128e+00
2.121804106674578527e+00
2.120162453354606846e+00
2.118849130698629235e+00
2.158051927098648459e+00
2.129033982431454142e+00
2.125946353960107338e+00
2.113412887551825659e+00
2.123512841687593689e+00
2.131592804996208290e+00
2.138056775643100593e+00
2.153291315791818761e+00
2.155415584279589236e+00
2.147051635438614881e+00
2.160487203628230102e+00
2.211489112704723148e+00
2.171783730916314603e+00
2.150082789116791737e+00
2.172975490201975113e+00
2.211416378332515364e+00
2.161662179787344762e+00
2.121858820951207925e+00
2.140332952038304093e+00
2.145048893276777058e+00
2.148821646267555341e+00
2.151839848660178411e+00
2.164317774205480216e+00
2.164236751010517601e+00
2.123918477929746196e+00
2.141980677621134532e+00
2.146367073743042031e+00
2.109622736115766006e+00
2.130544084169950558e+00
2.147281162613297933e+00
2.130480734474377691e+00
2.086850301069644420e+00
2.132452863395461584e+00
2.118618095100109233e+00
2.137740371357425229e+00
2.193291646888078983e+00
2.187415849156596259e+00
2.172651847340220765e+00
2.150777282255916134e+00
2.153404357450867224e+00
2.135379290344434189e+00
2.171276054815292955e+00
2.159740011867178566e+00
2.160574541139877347e+00
2.151178800926845547e+00
2.143662208756420107e+00
2.127585571388876051e+00
2.114724261494841162e+00
2.154752031735618800e+00
2.166647520665833326e+00
2.125847093653999487e+00
2.113333479306939378e+00
2.113385951460494905e+00
2.123491292814529086e+00
2.081258747741765003e+00
2.057536075314743584e+00
2.068748028266739425e+00
2.057590863365928335e+00
2.038601767814074428e+00
2.033473855003795627e+00
2.069624979280374255e+00
2.018038969652033554e+00
2.027086980105366365e+00
2.044388752099237649e+00
2.017976715169532920e+00
2.006910449256957829e+00
2.078564345576501271e+00
2.075507280844941072e+00
2.103251719953290522e+00
2.095257180346372650e+00
2.108988275923232347e+00
2.140099879647126890e+00
2.074418889945435662e+00
2.112444370864889898e+00
2.142864755600453641e+00
2.137010972495306582e+00
2.132327946011189024e+00
2.178898342979886049e+00
2.165837842398852242e+00
2.135262714671617434e+00
2.120865976121034002e+00
2.119411948911770871e+00
2.118248727144360632e+00
2.177698331517627928e+00
2.174941196860236126e+00
2.152608761871928955e+00
2.154869541143676681e+00
2.146614800929884659e+00
2.109820917865239842e+00
2.110575902307135543e+00
2.111179889860652192e+00
2.101599716272261276e+00
2.063745486507952087e+00
2.083778920852495276e+00
2.079678941065736808e+00
2.046208866342732247e+00
2.049622897457925141e+00
2.072480849612473808e+00
2.100830574967317066e+00
2.093320264357593885e+00
2.107438743132209247e+00
2.098606798889507186e+00
2.111667970757738821e+00
2.122116908252324574e+00
2.120412694616803151e+00
2.098922596445979227e+00
2.121983972434121402e+00
2.090116255068629414e+00
2.084748808438644296e+00
2.110644942028252924e+00
2.111235121637546008e+00
2.081517174431368744e+00
2.027552725772829856e+00
2.054824712264397224e+00
2.076642301457651829e+00
2.053842918287453578e+00
2.045666775382498859e+00
2.069315951952133137e+00
2.058045202314242594e+00
2.069155329866338100e+00
2.078043431908014327e+00
2.034837095385350292e+00
2.020398753429611727e+00
2.039038170758632695e+00
2.033822977359442064e+00
2.029650822640090446e+00
2.076629917020613725e+00
2.043769647106633336e+00
2.067798249331440186e+00
2.046767676586483731e+00
2.040006582021723691e+00
1.974217524582719818e+00
2.012156551312310082e+00
2.052571136327185464e+00
2.034585986183080397e+00
2.040324593330204550e+00
2.014725388154306351e+00
1.964055933119975395e+00
1.943647096354918391e+00
1.967573481467674412e+00
1.996777953189084132e+00
2.020141530566211152e+00
2.079085846992714259e+00
2.075924481977911462e+00
2.043205299072471171e+00
2.057283407272920694e+00
2.108799348358081804e+00
2.089631919439001617e+00
2.054171249041343295e+00
2.045929439985610720e+00
2.039335992741024395e+00
2.034061234945355068e+00
2.029841428708820672e+00
2.026465583719593067e+00
1.983511453203408381e+00
2.019591694208860311e+00
1.998139068857230471e+00
2.001103695838319929e+00
2.033665488316789727e+00
2.049651558668375451e+00
2.022186960424842361e+00
2.030405372723613766e+00
2.016853375300223572e+00
2.006011777361510262e+00
2.017465226272947998e+00
2.016564621770894128e+00
2.035970865431659060e+00
1.981052314941857073e+00
2.007561019968429061e+00
2.018704620358482860e+00
2.017556137039322461e+00
2.077017532171203218e+00
2.074269830120702984e+00
2.082135032111506412e+00
2.068300466441741037e+00
2.037106086643535541e+00
2.032277310067364340e+00
2.018350925175224297e+00
2.047463271786313044e+00
2.020436330919193502e+00
2.018941505487890531e+00
2.027809008774052124e+00
2.034903011402981576e+00
1.990261395350120255e+00
1.984738193401427875e+00
1.970256268211284079e+00
2.008987546215160958e+00
2.029909204987072169e+00
1.966139622954997890e+00
1.915123957329339488e+00
1.934691606616007586e+00
1.960409089676545591e+00
1.970919712493773179e+00
2.009518301641152416e+00
1.990080354803063667e+00
1.994656724594986441e+00
2.038571274953326906e+00
2.013322733452804325e+00
2.003187263883575042e+00
1.985015524597002923e+00
2.000668224061342926e+00
1.993063656370406944e+00
1.976916638586467823e+00
1.963999024359316170e+00
1.963728296608785229e+00
1.993701805301972829e+00
2.007617248625318318e+00
1.988559512390396744e+00
2.013566777927260798e+00
2.003382499463140398e+00
1.965044985798246602e+00
1.964565065759928952e+00
1.974244493360478803e+00
1.992051399072123363e+00
1.966043469116637299e+00
1.955300488783451751e+00
1.966832831779296908e+00
1.976058706175973567e+00
2.003566132955723056e+00
1.985318619854720579e+00
1.950593882111510968e+00
1.973130910072949051e+00
1.991160532442098896e+00
1.995520866706215202e+00
1.978882406855114962e+00
1.925318184449432035e+00
1.932783624680877166e+00
1.948819340497237818e+00
1.901267731363131430e+00
1.883353171318239649e+00
1.949528432331929739e+00
1.942088459355686414e+00
1.996516662761887106e+00
2.019932498224453532e+00
2.018538439332098644e+00
2.037549919480622584e+00
2.002442285443436276e+00
1.984419541844891999e+00
1.990128074228449950e+00
2.024884991028893744e+00
2.032563797206854872e+00
2.008516751255626787e+00
2.039595932650635657e+00
2.054395914135452195e+00
1.995792353904892069e+00
2.019353051138857325e+00
2.028138245294826447e+00
2.015039673357193806e+00
2.014624179438291751e+00
2.034418511565577514e+00
1.989873795480195939e+00
2.024681568030290091e+00
2.022337695176767536e+00
2.040589324156357520e+00
2.065253990971220421e+00
2.064858997160716747e+00
2.074606365743517422e+00
2.062277533347349756e+00
2.062477831061619415e+00
2.062638069233035942e+00
2.042639532507760869e+00
2.006513975865146904e+00
1.957486803288648547e+00
1.958518519752250553e+00
1.999597347447934270e+00
2.012333682342087204e+00
2.022522750257409907e+00
2.020610640958463655e+00
2.049271044412904530e+00
2.062136003545268270e+00
2.062364607219954848e+00
2.042420762897296349e+00
2.036529051070373075e+00
2.001625590715236935e+00
1.973702822431127490e+00
2.011744789591035865e+00
2.011988272425364155e+00
2.002119695061622906e+00
2.034478287695432819e+00
2.030175070908882162e+00
2.026732497479642348e+00
2.074295256892256134e+00
2.021775191741539857e+00
1.999885866883374774e+00
2.032691225152833958e+00
1.968365239087607632e+00
2.007474722916219978e+00
2.008572219085512423e+00
1.989323488758552028e+00
2.004114595390581233e+00
2.005884117065001249e+00
2.007299734404537794e+00
2.038622319169763664e+00
2.033490296088346749e+00
2.069638132148014620e+00
2.038176219208554407e+00
2.063323507012976954e+00
2.073377973625325499e+00
2.041168092390402755e+00
2.005336823771260324e+00
1.986735172507150038e+00
2.042297396914261931e+00
2.026366994652741393e+00
1.963305854687533269e+00
1.963173760871359308e+00
1.963068085818419295e+00
1.942856818513674089e+00
1.946814531932271608e+00
1.929853975404755229e+00
1.916285530182741947e+00
1.955747592161137138e+00
1.947063787219052156e+00
1.940116743265383636e+00
1.934559108102449354e+00
1.950239727234495124e+00
1.932594131646534708e+00
1.978857836963361150e+00
1.965551983060831231e+00
1.914653845414005628e+00
1.964505607977338197e+00
1.994323654396814138e+00
2.008114727901191721e+00
2.019147586704693076e+00
1.957530328329095015e+00
1.978680067047015712e+00
2.005663221652556949e+00
1.976932927180983679e+00
1.994202146128526421e+00
1.967764066761759523e+00
1.946613603268346537e+00
1.899503141580018539e+00
1.902068226754157321e+00
1.904120294893468124e+00
1.915825313036106037e+00
1.884935873025415320e+00
1.890414411910474213e+00
1.894797243018521815e+00
1.908366871536149700e+00
1.909159210719062028e+00
1.889666354802983506e+00
1.874072070070121665e+00
1.901850096808632928e+00
1.954262609093039726e+00
1.915685709870962317e+00
1.904950917755708462e+00
1.906426447694708814e+00
1.867353417121107473e+00
1.856221719924620484e+00
1.877506453061027925e+00
1.894534239570154543e+00
1.888029741515062199e+00
1.902952870333382451e+00
1.894764646125643992e+00
1.918404157653051723e+00
1.937315766874976974e+00
1.942381690621313384e+00
1.936371065987192663e+00
1.911435839017488592e+00
1.941804475597730617e+00
1.895655839443524782e+00
1.868800294151350183e+00
1.877505948811222014e+00
1.864343745276711761e+00
1.873940709711511943e+00
1.911808372152950186e+00
1.921975774843691864e+00
1.869729515209090254e+00
1.878249325657414204e+00
1.864938446753666268e+00
1.874416470893075282e+00
1.841745435679800424e+00
1.855862062033982296e+00
1.826901908592526436e+00
1.813797149470551151e+00
1.783186614910577727e+00
1.819078369049793809e+00
1.847791772361166762e+00
1.830509040485463812e+00
1.816682854984901452e+00
1.866002088371661261e+00
1.835013929662669296e+00
1.850476857220277882e+00
1.822593744741563215e+00
1.790223891127386890e+00
1.824708190023241583e+00
1.852295629139925293e+00
1.864302216802081968e+00
1.894034214194201038e+00
1.897693084845502698e+00
1.930810272260141902e+00
1.937177294929445237e+00
1.912080822171290606e+00
1.912130371227175329e+00
1.902106646840678650e+00
1.853834212806680259e+00
1.915849901891478080e+00
1.874892180478522574e+00
1.862252730610552520e+00
1.852141170716176122e+00
1.833988559169470900e+00
1.849656560825718499e+00
1.862190962150717111e+00
1.852091755948308105e+00
1.854075754617585448e+00
1.855662953553006478e+00
1.866996076332547716e+00
1.886125938187370732e+00
1.871239736777630558e+00
1.859330775649838952e+00
1.839740243116401164e+00
1.884447998876861208e+00
1.879960748960427086e+00
1.886434312658484158e+00
1.871486436354521832e+00
1.869591498942555940e+00
1.878138912644186531e+00
1.844723389080690001e+00
1.858244424754694535e+00
1.828807798769096937e+00
1.895828770661411422e+00
1.858875275494469292e+00
1.849439206623310294e+00
1.821763624263988302e+00
1.839876612901332420e+00
1.814113549286406668e+00
1.823693189288063454e+00
1.801166810395791629e+00
1.783145707281974524e+00
1.829109006578116148e+00
1.835689555121430727e+00
1.810763903062485358e+00
1.821013472308926850e+00
1.819149764074876385e+00
1.827722161118839450e+00
1.824516715122805888e+00
1.811888994694774713e+00
1.842040272877152107e+00
1.835971204529455836e+00
1.831115949851299218e+00
1.867485200633575371e+00
1.816073692209792423e+00
1.805134576364363808e+00
1.826573374581633491e+00
1.803470958630647658e+00
1.855432571288258670e+00
1.866811770520749203e+00
1.855788402644333202e+00
1.867096435605609006e+00
1.866079498343425680e+00
1.885392675796072171e+00
1.890779854126999782e+00
1.864899505898129917e+00
1.854258590946238794e+00
1.875935949878322573e+00
1.842961018867998790e+00
1.836707801322133182e+00
1.831705227285441051e+00
1.837766531687290650e+00
1.842615575208770951e+00
1.806241355501153167e+00
1.857648888784662278e+00
1.888711551780265507e+00
1.903498318545544521e+00
1.935454459220176116e+00
1.890575826341481136e+00
1.894926374563327354e+00
1.908470176771993376e+00
1.838798309489322991e+00
1.853504361081600438e+00
1.835079111461810353e+00
1.830402275397182255e+00
1.846787533807888293e+00
1.809578922380447263e+00
1.830128851394499545e+00
1.876758885499339113e+00
1.853682730996001782e+00
1.865411898286943426e+00
1.894921959382091403e+00
1.858149826471013455e+00
1.868985574666953697e+00
1.867590809592500900e+00
1.836284906639340964e+00
1.891747093326416884e+00
1.855609933626473751e+00
1.897143751284919189e+00
1.900180714518077796e+00
1.902610285104604726e+00
1.904553941573826181e+00
1.916172230380392749e+00
1.935530225056850018e+00
1.930889893535622459e+00
1.927177628318639702e+00
1.964461270669855208e+00
1.964098093657216326e+00
1.973870915678308746e+00
1.991752536926387096e+00
1.945677652137639768e+00
1.939007835200254659e+00
1.923608618019142069e+00
1.891162517011844013e+00
1.925585817993214821e+00
1.892744276991102481e+00
1.896661135083024918e+00
1.909857985187751739e+00
1.920415465271533062e+00
1.908734722076164347e+00
1.869200036626271766e+00
1.877825742791159769e+00
1.884726307723070704e+00
1.880183396037395482e+00
1.886612430320059319e+00
1.891755657746189367e+00
1.895870239687093228e+00
1.899161905239816317e+00
1.921921964944388606e+00
1.920003285445653685e+00
1.878214887321863147e+00
1.864910896085224534e+00
1.884457793989511742e+00
1.819588403263338705e+00
1.828073072469609928e+00
1.844924171465829987e+00
1.828214959769194126e+00
1.845037681305497390e+00
1.818242404009738689e+00
1.847123000329122577e+00
1.850100750122236182e+00
1.852482949956727465e+00
1.874515437086714087e+00
1.861951335897106263e+00
1.861963418576622953e+00
1.912289902876241898e+00
1.912297635791135431e+00
1.972684003910245565e+00
1.930422825724727343e+00
1.906677246807515713e+00
1.917870874567344730e+00
1.906699049512813771e+00
1.917888316731583220e+00
1.946966457769006897e+00
1.940038879705348052e+00
1.924433453623217272e+00
1.881759021863913972e+00
1.847619476456472398e+00
1.860561294655320719e+00
1.820597931058392849e+00
1.838944058336856813e+00
1.843557596528424325e+00
1.837185063450473832e+00
1.862277127881711181e+00
1.852160688533103894e+00
1.864194264316626048e+00
1.843631034049830975e+00
1.837243813467598796e+00
1.812007309739419814e+00
1.811944834019270534e+00
1.852148307967952601e+00
1.823930905339702147e+00
1.801356983237101916e+00
1.813487936448619608e+00
1.823192699017833762e+00
1.820893145442000982e+00
1.839180229843742520e+00
1.813556442840334126e+00
1.813184140500001762e+00
1.843076389521333125e+00
1.826736734213596947e+00
1.833791737229816476e+00
1.799182285117990387e+00
1.811748177953330652e+00
1.851990983115200606e+00
1.884185227244697058e+00
1.859623804392288138e+00
1.910418211528774224e+00
1.920863646344351139e+00
1.888966539672011891e+00
1.893638945227752446e+00
1.927566960565941567e+00
1.884265827418093453e+00
1.869751648162208735e+00
1.817886850232699247e+00
1.806585102782689578e+00
1.857923886609891939e+00
1.818488004622049958e+00
1.887572935343773350e+00
1.892524061765161081e+00
1.866294872008658956e+00
1.875501611097070143e+00
1.852676911474186783e+00
1.854543879038287546e+00
1.835910725827160750e+00
1.810940839627069421e+00
1.811091657929389864e+00
1.791085585308852091e+00
1.815334181737223718e+00
1.834733058879920886e+00
1.880442251487676186e+00
1.876756151049079335e+00
1.853680543435794359e+00
1.895600239132374965e+00
1.868755813902430507e+00
1.867407000980882970e+00
1.896518041537242905e+00
1.859426692195134567e+00
1.890133794508643827e+00
1.844255930941051336e+00
1.807553640086978053e+00
1.808381898297316992e+00
1.798981141234384129e+00
1.821650626477649748e+00
1.829722851041057696e+00
1.816053903429376337e+00
1.815182108971235664e+00
1.824548037035927495e+00
1.862230870381277770e+00
1.872250409795164217e+00
1.860139314063866234e+00
1.860513801110030840e+00
1.830623299853365804e+00
1.857027717004024137e+00
1.847961159830953104e+00
1.820581186830102727e+00
1.848994026585414563e+00
1.841534207496066333e+00
1.885883170380593388e+00
1.850918795269815620e+00
1.893390840599592284e+00
1.866988295076204452e+00
1.815676167763896842e+00
1.865196738594858017e+00
1.894749831628422587e+00
1.858012124268078935e+00
1.878938776535795885e+00
1.855426643825167421e+00
1.836616937656664561e+00
1.811505809090672825e+00
1.831670360762680527e+00
1.827675274837878394e+00
1.794289115204439566e+00
1.817897005653694054e+00
1.836783318013097244e+00
1.841829004269416759e+00
1.845865553274471438e+00
1.859158156109720128e+00
1.849665511115510697e+00
1.852134758751347476e+00
1.844046793228812930e+00
1.827513057179581235e+00
1.804222704709005143e+00
1.815780513626143122e+00
