2.990909535509743478e+01
2.993928544599104669e+01
2.991312070054991779e+01
2.994250572235303309e+01
2.971442964901549999e+01
2.973323606296948185e+01
2.964764755782062622e+01
2.932759266292151423e+01
2.932313283778225355e+01
2.936988179582686342e+01
2.935696414410653077e+01
2.924599638641829813e+01
2.945912308920368616e+01
2.942835717880798896e+01
2.935342763233548169e+01
2.939411763146944523e+01
2.947698644893263520e+01
2.929169741212315969e+01
2.919378300083160127e+01
2.926640192626634018e+01
2.907291297583410383e+01
2.937097317889235271e+01
2.915656997793491456e+01
2.913599787163702359e+01
2.922017382291068088e+01
2.923719776577358687e+01
2.884828237481589497e+01
2.878873415282976822e+01
2.884172921155290581e+01
2.868285798590733648e+01
2.875702827801496042e+01
2.886668132985700908e+01
2.875313649870663824e+01
2.881325108825440395e+01
2.901229321436060360e+01
2.912121009708954489e+01
2.910770996696072643e+01
2.909690986285767167e+01
2.933985387035518499e+01
2.928262498557323923e+01
2.938779233221567111e+01
2.942160939137359676e+01
2.944866303869993729e+01
2.921872186578098152e+01
2.938698665453788550e+01
2.942096484923136757e+01
2.944814740498615535e+01
2.946989344958998558e+01
2.933633983080505914e+01
2.938044739024510932e+01
2.931509980148517869e+01
2.951440582125719203e+01
2.942226654629484628e+01
2.929823830816894770e+01
2.929964935398020032e+01
2.945172864509726196e+01
2.932180798721088166e+01
2.926818827905779585e+01
2.932592614884729798e+01
2.937211644467889826e+01
2.930843504503221197e+01
2.945875719793886915e+01
2.937774764764018798e+01
2.941357364371321026e+01
2.959318489503961658e+01
2.953560662347673471e+01
2.979144491516247584e+01
2.989548191219903117e+01
2.972712741904831546e+01
2.964276064268369382e+01
2.992748494868406439e+01
2.995399712086035038e+01
2.982425640413332246e+01
2.992173110337570563e+01
3.005002768092563414e+01
2.985076403402959855e+01
2.994293720729272934e+01
2.996635892774728305e+01
2.998509630411092530e+01
3.030198711413781609e+01
3.000201476244332355e+01
2.996330415371173927e+01
3.003296930303844192e+01
3.013901824065582247e+01
3.017354057259370848e+01
3.030179207445605627e+01
3.005217554885393838e+01
3.005374960099625170e+01
3.015564247902207029e+01
2.998557269066269626e+01
2.989983367813121617e+01
2.988155928626205338e+01
3.006820704539073219e+01
3.011689161638163625e+01
3.000488881870636959e+01
3.006623703503414546e+01
2.996436515362837838e+01
3.013445173928379006e+01
3.001893691702809264e+01
3.002715869553557582e+01
2.993310248202952195e+01
3.010944160200470776e+01
3.004924562536084665e+01
2.995077202588973719e+01
2.992230996446886948e+01
3.010080758795618294e+01
3.014297205043399686e+01
3.037797089304025633e+01
3.041501951265727399e+01
3.029370795388290105e+01
3.044824279764343089e+01
3.052155385449583491e+01
3.052988588182173757e+01
3.058686832183848026e+01
3.048150381938388520e+01
3.049784585373217638e+01
3.010838493596279264e+01
3.004840029252731526e+01
3.010104621409089987e+01
2.999221249687377977e+01
3.025736325019208195e+01
3.026821658022271322e+01
3.027689924424721823e+01
3.048511264809083343e+01
3.065168337116572417e+01
3.068430631331366953e+01
3.060977103071998329e+01
3.034887553202102595e+01
3.044206004199790883e+01
3.076819174075944474e+01
3.077751300898864528e+01
3.073465320541598444e+01
3.054941490808986870e+01
3.065280836100900430e+01
3.068520630518829151e+01
3.061049102421968371e+01
3.060103561760081448e+01
3.054315447414970208e+01
3.049684955938881004e+01
3.040948880942414689e+01
3.054086748207642543e+01
3.099818814729024652e+01
3.111246058868127307e+01
3.145546263257412534e+01
3.127701290428436920e+01
3.123488675796460257e+01
3.135213629537678059e+01
3.139561910715050175e+01
3.148072217472549994e+01
3.139785417431750858e+01
3.133155977399111691e+01
3.153010834450995858e+01
3.153799674645704343e+01
3.154430746801471130e+01
3.144872240894887838e+01
3.137225436169621062e+01
3.136139674205002592e+01
3.120176019186509109e+01
3.132563504249716857e+01
3.142473492300283056e+01
3.140338119109532045e+01
3.148693184188135419e+01
3.130218827173015228e+01
3.140597750638922037e+01
3.163995934858446191e+01
3.162587754971664822e+01
3.146366165615440735e+01
3.163578985024059165e+01
3.157222513288553145e+01
3.137042290453349480e+01
3.156119884894386018e+01
3.146223551369219606e+01
3.158433211811487240e+01
3.168200940165301560e+01
3.170983441032750960e+01
3.163146078095506653e+01
3.166939551376914963e+01
3.185069375448840390e+01
3.149256416550382198e+01
3.140732776694016692e+01
3.164103955702521986e+01
3.182800898909326293e+01
3.212853498921575124e+01
3.226832215300170503e+01
3.222920142956247957e+01
3.239917212343510755e+01
3.238419822406515181e+01
3.237221910456918295e+01
3.236263580897241354e+01
3.255623644511907600e+01
3.271111695403640596e+01
3.258343727039024174e+01
3.258192715978528042e+01
3.293293679839337784e+01
3.311311087296781608e+01
3.320693331447134256e+01
3.282913990427013573e+01
3.292943972135725517e+01
3.280841230240287132e+01
3.296317445801939527e+01
3.318761781882464845e+01
3.321622205300086250e+01
3.328942225849777969e+01
3.349893287736337300e+01
3.336464046351980528e+01
3.310625607797696546e+01
3.330208311479070460e+01
3.345874474424169875e+01
3.338280677517848005e+01
3.352332367255191770e+01
3.358542037229464938e+01
3.368541455024485742e+01
3.361445943813703252e+01
3.355769534845077118e+01
3.371355134932576902e+01
3.388855296818171325e+01
3.362601971801845480e+01
3.361726039051185921e+01
3.355993611035063395e+01
3.376566077700161372e+01
3.387992369216644306e+01
3.382038356983024840e+01
3.392370192642935223e+01
3.405667342986458834e+01
3.396178335998876463e+01
3.383555448593215687e+01
3.403647229562284338e+01
3.449910745231144915e+01
3.471826512319427138e+01
3.464200716912057487e+01
3.448036716954957370e+01
3.480390653329681072e+01
3.486147075167059484e+01
3.475657167190162511e+01
3.487391968071045767e+01
3.486716445144548970e+01
3.496239390434555361e+01
3.483731019404159213e+01
3.468692640764240309e+01
3.471756983299104604e+01
3.479240139142598309e+01
3.485226663817392989e+01
3.484984201741626464e+01
3.499885277527812377e+01
3.511806138156761392e+01
3.511279463028723313e+01
3.520921486557489288e+01
3.538698469011706038e+01
3.557951736790681707e+01
3.558259305567056430e+01
3.558505360588156208e+01
3.558702204605036457e+01
3.573954725265346610e+01
3.566030014531193615e+01
3.534531836865868115e+01
3.549586749258409668e+01
3.556598997356840641e+01
3.547113750388786713e+01
3.554620598261142561e+01
3.535467667481024279e+01
3.570462141012934865e+01
3.558204265313662518e+01
3.553429646569846057e+01
3.549609951574792888e+01
3.566680922841150903e+01
3.560210972591836764e+01
3.575161739654786430e+01
3.577058989673942335e+01
3.583608471504868476e+01
3.588848056969609956e+01
3.588008043525800872e+01
3.612494441848756566e+01
3.611956833244720144e+01
3.616558428177093276e+01
3.615208022307389513e+01
3.619159379427228629e+01
3.632383828754296928e+01
3.617804979137948607e+01
3.616205263076074061e+01
3.624988853857770721e+01
3.637047408298730033e+01
3.651725933667100321e+01
3.658437072146193714e+01
3.643679255667068162e+01
3.651999729746168555e+01
3.663687790825051138e+01
3.652911512425755802e+01
3.634227126075116132e+01
3.654501389703810332e+01
3.665689118791163992e+01
3.674639302061046919e+01
3.696894494123752395e+01
3.689540238695913388e+01
3.688688516169244735e+01
3.677943774516712949e+01
3.679411344825884100e+01
3.690648764704425133e+01
3.694607018791656117e+01
3.707836985692637199e+01
3.708357595582225485e+01
3.728900810756297091e+01
3.730240337448755383e+01
3.726280276987120033e+01
3.748270637695814855e+01
3.765862926262770571e+01
3.769873393485131174e+01
3.778113449078621500e+01
3.784705493553413902e+01
3.815137538211250501e+01
3.819356446675119088e+01
3.802604846183812981e+01
3.824425338499968063e+01
3.826786686906093138e+01
3.823644083815391070e+01
3.816098319527228000e+01
3.830188435359097809e+01
3.831397164393396793e+01
3.837395829436438532e+01
3.837163079655269371e+01
3.847040243461530906e+01
3.839846929059741854e+01
3.829060595722708626e+01
3.810368165421884612e+01
3.810509266628024250e+01
3.795527102146137111e+01
3.808699779638629934e+01
3.809174558001420507e+01
3.814586062507255093e+01
3.818915266111922335e+01
3.817346947180054428e+01
3.831187337481358668e+01
3.842259649722402060e+01
3.841054135884040477e+01
3.840089724813351069e+01
3.854413241403598533e+01
3.855808691044599357e+01
3.841830005310593776e+01
3.845742102170196119e+01
3.868998506920278402e+01
3.882571948904742243e+01
3.873303975229912055e+01
3.865889596290048758e+01
3.880084820400558954e+01
3.891440999688966684e+01
3.880399215857292461e+01
3.891692516054353490e+01
3.900727156212002456e+01
3.907954868338121912e+01
3.908705356223414640e+01
3.909305746531649106e+01
3.929912786040637229e+01
3.936335054016630863e+01
3.936441186581824070e+01
3.946589456265175500e+01
3.964771435643061182e+01
3.984348700960971712e+01
3.994978831399697583e+01
4.003482935750677996e+01
4.015317901047064453e+01
4.009690827837368232e+01
4.000157487454016092e+01
3.972404087884933688e+01
3.980391459123265463e+01
3.971686310667131892e+01
3.984848919164625869e+01
3.985315642331417507e+01
3.980657339049255938e+01
3.986994060054723121e+01
4.017221845937099545e+01
4.061530801905401944e+01
4.051692830339639784e+01
4.048854134902632040e+01
4.046583178553026272e+01
4.034703049842137546e+01
4.030230628689028549e+01
4.026652691766540926e+01
4.028822024044153238e+01
4.025525808050640819e+01
4.048047244333833561e+01
4.056001029729183927e+01
4.077459103492270032e+01
4.064435471609134254e+01
4.069111611549424623e+01
4.082915887132860888e+01
4.083895943968406073e+01
4.064553262174441528e+01
4.079269207632874128e+01
4.091041963999620634e+01
4.075301760015015162e+01
4.082836324089731050e+01
4.098927338980708157e+01
4.126895196340288408e+01
4.109016027703150797e+01
4.089681010977839293e+01
4.074212997597589947e+01
4.071901950524594582e+01
4.090179840128598698e+01
4.119897197258600841e+01
4.133607719331399011e+01
4.144576136989637405e+01
4.133224143853826860e+01
4.134205912976382535e+01
4.119896282827628653e+01
4.133606987786620834e+01
4.149607233569416564e+01
4.147312384748854441e+01
4.155539869323601465e+01
4.152058493352202362e+01
4.179463483468688167e+01
4.166165702852669739e+01
4.180685887437857673e+01
4.162111944212403358e+01
4.177442880525644853e+01
4.169580902313837356e+01
4.173354683375588081e+01
4.186437071856192205e+01
4.181807937193877223e+01
4.163009584017218856e+01
4.178160992369497251e+01
4.175187073604521260e+01
4.162744574961336497e+01
4.157822257862390103e+01
4.153884404183233414e+01
4.160797484871104501e+01
4.156264585790204791e+01
4.142574902894281053e+01
4.161813247471146582e+01
4.167140559501435604e+01
4.166370727310071942e+01
4.175818225188177735e+01
4.203502950753063061e+01
4.230682413020573307e+01
4.237330937387782370e+01
4.267808165959552724e+01
4.272063221554568457e+01
4.290562311477379609e+01
4.275171492522023442e+01
4.282985564620139485e+01
4.264078413220629926e+01
4.274111101179024530e+01
4.297232296992546452e+01
4.275475799118554932e+01
4.288260691712967088e+01
4.288425242157299522e+01
4.288556882512765611e+01
4.268535467534730543e+01
4.262581699183506601e+01
4.298072139027328831e+01
4.281179354561982819e+01
4.272696808805308422e+01
4.281005817646767753e+01
4.307779751982335625e+01
4.319135535819593485e+01
4.333251844705001332e+01
4.334481528182124066e+01
4.330433593148219984e+01
4.337258608752301114e+01
4.327623575788766885e+01
4.345073958495935074e+01
4.343939219214870917e+01
4.332968064158822585e+01
4.319159458298381793e+01
4.338302664503627426e+01
4.323427138574226092e+01
4.336685126908707844e+01
4.342259835760690834e+01
4.346719602842277652e+01
4.355319098323148808e+01
4.387357103785841872e+01
4.382797417262398199e+01
4.364054622596844268e+01
4.379250477757999249e+01
4.386375480071320965e+01
4.382012118290781899e+01
4.398648156128751197e+01
4.376735213689926951e+01
4.354173177923265570e+01
4.376377003834738133e+01
4.394140064563916326e+01
4.413382194962860439e+01
4.398585808388411067e+01
4.427002153653653238e+01
4.414513457156647291e+01
4.414585863590239256e+01
4.394517061474711994e+01
4.413683792491497115e+01
4.418953813673721243e+01
4.423169830619500686e+01
4.436606007807328211e+01
4.467481676819991065e+01
4.477087166583315536e+01
4.489803240209577240e+01
4.479849371848185768e+01
4.471886277159072165e+01
4.460484119592179297e+01
4.466457438985471384e+01
4.471236094500104485e+01
4.464995655280607423e+01
4.480130031167410465e+01
4.477142486430054191e+01
4.474752450640168888e+01
4.457745376561462081e+01
4.494456535454494883e+01
4.513762098937724687e+01
4.514111504277502007e+01
4.529486073996130102e+01
4.516627320693029901e+01
4.511371999866151583e+01
4.527294470467050047e+01
4.540032446947768818e+01
4.530096100869942433e+01
4.537242069454480742e+01
4.553022207953308254e+01
4.560614636936774957e+01
4.551593534676742792e+01
4.569535061946719878e+01
4.573824920131504257e+01
4.577256806679331902e+01
4.595097361364393151e+01
4.589243077850041175e+01
4.579527969222957751e+01
4.591882609583691277e+01
4.611829685503482068e+01
4.602628937161312450e+01
4.610363383934375037e+01
4.616550941352825532e+01
4.606405941840787222e+01
4.593258260415554162e+01
4.602866842537768832e+01
4.625648753682346381e+01
4.648905964413603442e+01
4.637321642105010966e+01
4.648180911520537961e+01
4.621646554343752911e+01
4.620545795864725847e+01
4.639791916343911993e+01
4.635062085464853254e+01
4.626246538946011100e+01
4.654415874440137202e+01
4.666887979204241077e+01
4.656738935753116237e+01
4.663714746439022463e+01
4.659232031356543047e+01
4.655645859290559940e+01
4.662840285268977425e+01
4.663564144236109144e+01
4.669174913225416645e+01
4.673663528416862789e+01
4.677254420570019278e+01
4.670063770661340641e+01
4.664311250734397873e+01
4.674804280239649756e+01
4.693262067475048127e+01
4.687901570000965989e+01
4.718834944730900105e+01
4.733518280883649965e+01
4.715074858912245048e+01
4.710383484966325085e+01
4.731788794887592076e+01
4.703627906484202015e+01
4.701225923023891085e+01
4.729494427149239755e+01
4.716887457740319434e+01
4.716865245844386578e+01
4.706784112696436750e+01
4.703750887993678731e+01
4.691260944600268346e+01
4.696364035332346276e+01
4.730636598811606319e+01
4.727864558701416087e+01
4.735710290244460907e+01
4.741986875478897190e+01
4.741976461850843805e+01
4.741968130948401239e+01
4.736929784410852307e+01
4.737930788996408182e+01
4.743763274480454584e+01
4.748429262867691847e+01
4.732035326315080681e+01
4.728983540704195576e+01
4.766795566740289303e+01
4.792013505753562441e+01
4.802124493332976840e+01
4.810213283396508643e+01
4.831779360894140041e+01
4.828905495629844324e+01
4.831638085234002489e+01
4.833824156917329162e+01
4.830541332448395764e+01
4.832946754688843782e+01
4.834871092481202481e+01
4.831378880899494277e+01
4.798395020740522909e+01
4.797166341691348634e+01
4.776056671189608238e+01
4.784327343866218740e+01
4.780880518376303456e+01
4.783154739799972788e+01
4.805100844201309229e+01
4.802531000459977406e+01
4.820601852729313208e+01
4.835058534544781850e+01
4.841592198181554352e+01
4.856882492722176892e+01
4.838924637461069977e+01
4.839653398698983011e+01
4.850299771320517550e+01
4.833658460339742646e+01
4.835440457001921288e+01
4.851961099778470299e+01
4.840019204921706830e+01
4.820402325405091659e+01
4.839930594501006311e+01
4.815299755252936365e+01
4.840880220194877381e+01
4.851281228517233046e+01
4.829411944281513058e+01
4.816948198708539053e+01
4.842198974959359248e+01
4.847304550513216270e+01
4.841325647325105308e+01
4.861700933852612394e+01
4.852842753996622349e+01
4.835692846480625917e+01
4.837067965914627621e+01
4.828104697830632119e+01
4.830997446994632583e+01
4.833311646325833522e+01
4.830131323975199109e+01
4.847713793357092271e+01
4.871843132493803807e+01
4.871019876540772486e+01
4.880424635409551115e+01
4.887948442504573876e+01
4.888935806364990100e+01
4.869598970190922671e+01
4.884319592145266142e+01
4.891064407893146182e+01
4.876333533229049522e+01
4.869580515313366931e+01
4.869209782796422559e+01
4.894071605860870022e+01
4.944151155206025550e+01
4.903707885632546493e+01
4.901543360867368193e+01
4.899811741055225411e+01
4.883331399758712621e+01
4.890273853983903507e+01
4.890796135548453805e+01
4.901277324431291049e+01
4.909662275537560561e+01
4.906306872791379448e+01
4.893559186963230445e+01
4.898456083747517198e+01
4.907405282990541906e+01
4.919596324200563231e+01
4.934380838984182560e+01
4.936145087179873769e+01
4.947619849367630707e+01
4.951767977302234414e+01
4.965149843281121633e+01
4.970823654248628998e+01
4.970331021207033473e+01
4.959873551142560189e+01
4.966602620537780410e+01
4.956890830607157739e+01
4.974279807740654746e+01
4.973095944000653645e+01
4.972148853008653191e+01
4.976422862030654670e+01
4.984873751063857839e+01
4.976539416843614561e+01
4.989998676729820204e+01
4.985671039191986154e+01
4.977177247346116928e+01
4.960318850238224542e+01
4.977022223445508331e+01
4.960194831117738090e+01
4.966859644517922590e+01
4.962128131606866077e+01
4.958342921278021009e+01
4.970409798461750484e+01
4.969999936577530519e+01
4.969672047070154264e+01
4.979473099095457655e+01
4.992345622531294680e+01
5.002643641279964726e+01
5.031008783541301455e+01
5.013447442825569311e+01
5.004430052068585155e+01
5.012311184909796680e+01
4.988426000289168627e+01
4.964286170777064200e+01
4.955037670798584770e+01
4.957702234446998091e+01
4.959833885365728179e+01
4.976634251547511667e+01
4.985042862677343578e+01
4.966611342503205861e+01
4.982056217257493813e+01
4.974285389798522772e+01
4.978132091462550335e+01
4.976177770978170400e+01
4.969582632775064468e+01
4.959274840396984985e+01
4.971155333756922090e+01
4.955501319366868529e+01
4.953041471486022829e+01
4.971200320443747245e+01
4.965600672347525801e+01
4.971184317501752759e+01
4.975651233625134040e+01
4.969161402892635238e+01
4.958937856491041174e+01
4.955790701185360803e+01
4.958304658756418348e+01
4.955284142997662400e+01
4.988089503099864430e+01
4.979112018472419265e+01
4.987025076217269515e+01
4.998387204228744451e+01
4.987350179375523851e+01
5.013742332202154017e+01
5.014729327201057174e+01
5.010487241384577572e+01
5.017156936362590613e+01
5.027524374160603315e+01
5.020723278952214486e+01
5.040440811863506099e+01
5.036088110930138839e+01
5.032605950183445032e+01
5.004661812508086882e+01
4.992369865998997369e+01
4.977504626976131163e+01
5.000834208467037456e+01
5.024529555475364617e+01
5.028390787635220249e+01
5.021416409731908459e+01
5.025900271040455891e+01
5.029487360087293268e+01
5.037388713140365581e+01
5.058804841029622423e+01
5.055811016078627063e+01
5.063479319749034602e+01
5.064582280869758790e+01
5.075528013397541827e+01
5.079252917604166129e+01
5.062106113707064736e+01
5.063483716036182614e+01
5.054522434268280051e+01
5.052385090669552881e+01
5.045643533974975981e+01
5.055345334066113594e+01
5.037948365061021150e+01
5.044157517119347744e+01
5.059188202397213274e+01
5.041022659725900468e+01
5.056680316482454884e+01
5.039016350994094040e+01
5.034948542234609192e+01
5.046789340673819879e+01
5.051230297609586728e+01
5.044719699527003343e+01
5.064669630138932632e+01
5.040376120103674396e+01
5.036036357522273477e+01
5.042627911088349890e+01
5.042869472125608610e+01
5.073252811849020816e+01
5.102591165443352139e+01
5.100903439240814663e+01
5.119679985541185374e+01
5.129669540765880242e+01
5.107471094052038296e+01
5.109839063943365289e+01
5.106701758040824757e+01
5.084065186056391639e+01
5.091114337546848390e+01
5.101785340554808101e+01
5.105290461145581560e+01
5.103062875802598342e+01
5.071090716634606821e+01
5.085766443825015415e+01
5.097507025577341722e+01
5.091804445532404344e+01
5.092274063312056143e+01
5.087618075720175881e+01
5.098988331093470094e+01
5.113116217207707592e+01
5.099260117021094629e+01
5.078111873240607821e+01
5.086351687294221335e+01
5.087911856721510162e+01
5.084128310447739096e+01
5.091164837059925929e+01
5.091762376534073553e+01
5.082177044482187966e+01
5.094635506103080047e+01
5.094538911768596989e+01
5.099493318116612528e+01
5.098425161379422832e+01
5.102602317805273202e+01
5.090848997499147544e+01
5.091509704885450560e+01
5.071911543532092281e+01
5.086423105343003215e+01
5.067842263898134547e+01
5.083167681635837454e+01
5.085364652194802915e+01
5.072027183195176292e+01
5.086515617073470708e+01
5.103138045991708083e+01
5.091277580048295448e+01
5.106947616371567733e+01
5.099356918167784869e+01
5.103347723235962974e+01
5.116603730921701754e+01
5.097018446176695505e+01
5.121603672905492033e+01
5.146303536104131382e+01
5.135873335769437631e+01
5.137592539132879921e+01
5.143999583639235595e+01
5.139061855613122987e+01
5.140143355007828063e+01
5.125913509076793417e+01
5.119561314147567543e+01
5.144669649097791364e+01
5.144629589795562907e+01
5.154660905984984254e+01
5.192876049830125851e+01
5.188226392197032055e+01
5.184506666090557303e+01
5.186562567020979486e+01
5.158017196871712429e+01
5.170402673461505572e+01
5.160184327470939536e+01
5.157041332494081587e+01
5.149495254696999780e+01
5.133395028828130791e+01
5.145673257211038276e+01
5.160527521732966250e+01
5.157315887903702389e+01
5.174873308102699809e+01
5.183887562446295760e+01
5.186067284105570252e+01
5.197874425064193815e+01
5.187193410568684726e+01
5.193743644419083694e+01
5.193952149683800457e+01
5.199150635711175994e+01
5.188214379086270611e+01
5.179465373786346305e+01
5.202656260440011238e+01
5.221208969762943752e+01
5.200829364512090081e+01
5.194589043942603723e+01
5.189596787487014495e+01
5.195666345953747367e+01
5.195490310911531395e+01
5.210444528324557467e+01
5.192217811361381052e+01
5.182668119606434232e+01
5.195155093464884999e+01
5.195081308920441643e+01
5.205085644916091070e+01
5.203025750081406642e+01
5.211441197844862927e+01
5.213141874240025686e+01
5.204439051724952492e+01
5.187413430081696930e+01
5.178824614582687502e+01
5.187048607630285346e+01
5.193627802068363764e+01
5.183796112172020543e+01
5.185994123886150220e+01
5.212910942335456355e+01
5.199222624385694758e+01
5.218462060919490142e+01
5.213726882884125757e+01
5.199875376824630280e+01
5.229047626501842672e+01
5.242322062612408473e+01
5.242878247869664676e+01
5.253386559706666503e+01
5.221539754651465870e+01
5.246379128763311428e+01
5.225997173527979101e+01
5.204659927524117791e+01
5.212748539799031988e+01
5.204124384172157392e+01
5.217351786933058122e+01
5.207806981879377872e+01
5.210234501467638069e+01
5.197081471691440413e+01
5.181527366054886841e+01
5.189210808808044817e+01
5.200389244826173751e+01
5.174110220931469684e+01
5.193340456340508382e+01
5.213756326483341041e+01
5.209962295335206761e+01
5.242148843125898594e+01
5.222612945018048691e+01
5.222079271978574866e+01
5.256874106256195489e+01
5.254519882784693863e+01
5.262699867638689710e+01
5.269243855521886388e+01
5.264415682197246582e+01
5.275648188984333586e+01
5.249412421704796827e+01
5.243518853327972806e+01
5.253899044073313007e+01
5.237044787591582207e+01
5.253751473299801944e+01
5.226863367341576350e+01
5.225479609837396566e+01
5.224372603834052597e+01
5.228518680846979549e+01
5.221772178826117283e+01
5.236501704471828589e+01
5.233190279541598500e+01
5.230541139597414713e+01
5.228421827642067399e+01
5.241821423524588397e+01
5.252541100230605053e+01
5.235958432517415417e+01
5.273009116502869631e+01
5.287554618244433868e+01
5.269000928744080881e+01
5.284348068037402868e+01
5.271467370394057639e+01
5.286321221357384559e+01
5.303235983943640974e+01
5.286577703119048266e+01
5.298409487537377061e+01
5.307874915072039812e+01
5.295320529837369605e+01
5.305403748912033990e+01
5.308438642356163939e+01
5.320929920742664621e+01
5.346017988898670836e+01
5.345961716161075117e+01
5.325789970708597565e+01
5.304620892531013965e+01
5.312844039066949620e+01
5.304327510848892047e+01
5.287450924643249550e+01
5.284013019309931991e+01
5.296357740490083899e+01
5.276043426540600478e+01
5.289982066274618688e+01
5.265911205352626467e+01
5.281876289324239337e+01
5.289616674685927933e+01
5.285745619344074697e+01
5.302775502332993085e+01
5.291240999646132082e+01
5.292076761127840001e+01
5.302808733944410591e+01
5.296299266750860824e+01
5.306186738442826822e+01
5.309065033980797921e+01
5.306335988595572672e+01
5.304152752287392758e+01
5.292342799609652104e+01
5.308053246545455295e+01
5.275336467753693626e+01
5.289416499245093206e+01
5.300680524438212871e+01
5.289565017330308194e+01
5.300799338906384861e+01
5.299723432536042367e+01
5.308926071070972341e+01
5.311256500083314336e+01
5.298025797846388940e+01
5.307567963319249316e+01
5.315201695697538042e+01
5.296150272522166347e+01
5.311099224875466263e+01
5.307963341311307204e+01
5.315517998091183927e+01
5.311498359883881903e+01
5.293187603871241009e+01
5.298665726323529412e+01
5.303048224285360135e+01
5.296490859023620601e+01
5.301308330445432659e+01
