2.890275899197732201e+01
2.893294908287094813e+01
2.895710115558584974e+01
2.892610599560175189e+01
2.900194350392644083e+01
2.881102941980616450e+01
2.875893178882198242e+01
2.876757050219065803e+01
2.867384783657355740e+01
2.895108743117194550e+01
2.877034456160257037e+01
2.852511662963510020e+01
2.858051837484115154e+01
2.872547340731796339e+01
2.879112061514346266e+01
2.869268792693580394e+01
2.871457541268171454e+01
2.883271903759041166e+01
2.887691711936142269e+01
2.876132513031016913e+01
2.876948517538120598e+01
2.907791412037401457e+01
2.892212273112024334e+01
2.940129143758925068e+01
2.953304231198450225e+01
2.989002710228065851e+01
2.977308038926956613e+01
2.952857256439270373e+01
2.963486721342726327e+01
2.961926929634287120e+01
2.955647414451933841e+01
2.950623802306051147e+01
2.946604912589344849e+01
2.963516528078380929e+01
2.972014138654014914e+01
2.923463727142914337e+01
2.929908534274437670e+01
2.904874289086051320e+01
2.894910256566546281e+01
2.881907348735340335e+01
2.861441658839178714e+01
2.870227516000252166e+01
2.872224519913508800e+01
2.888917168490912957e+01
2.912334650984040252e+01
2.900878546084937426e+01
2.906808707612454157e+01
2.916584518650069313e+01
2.914341803848964574e+01
2.892420904745672772e+01
2.915137639987848317e+01
2.913184300919187919e+01
2.911621629664259459e+01
2.900308129029112791e+01
2.921447419414600333e+01
2.928295488091786325e+01
2.923710579402338183e+01
2.930106016081976605e+01
2.925159001794490621e+01
2.916169708548899564e+01
2.914009955768028703e+01
2.912282153543332086e+01
2.890773184501166782e+01
2.898724418345437570e+01
2.874895314527256573e+01
2.891053804181911246e+01
2.919075641352434047e+01
2.931429747457655210e+01
2.931249668710628242e+01
2.936137287528608653e+01
2.955142428029791901e+01
2.930093085905936690e+01
2.945275384916059380e+01
2.962452905939752412e+01
2.986258286389910666e+01
2.995239227118833369e+01
2.977265570623976032e+01
2.972950009059286813e+01
2.969497559807535580e+01
2.981830645852933515e+01
2.971570387426850957e+01
2.943235453423584147e+01
2.965852642561374353e+01
2.994009757502810487e+01
3.006472085824755425e+01
3.001346903035512526e+01
3.032468529513317890e+01
3.047302467064365317e+01
3.069232980736400052e+01
3.066650664411626792e+01
3.069616493167410454e+01
3.077020837987639368e+01
3.077912632028220230e+01
3.088689430891881926e+01
3.052025733642414806e+01
3.093138321261240264e+01
3.120996709540698788e+01
3.118125011086269893e+01
3.125891015953923713e+01
3.106945410770043736e+01
3.106883972069745781e+01
3.106834821109507416e+01
3.116858863972513660e+01
3.114814734631721649e+01
3.123242794790284904e+01
3.145080288363934429e+01
3.147455237776055270e+01
3.169481924568152920e+01
3.192134955817432740e+01
3.200194017185653195e+01
3.226767993542637214e+01
3.232932129181418190e+01
3.237863437692443114e+01
3.256903529948068865e+01
3.282198967383766330e+01
3.292371953701128007e+01
3.300510342755016779e+01
3.291926008551321559e+01
3.285058541188365666e+01
3.279564567298001521e+01
3.310391160894916140e+01
3.335052435772448121e+01
3.369876501121272838e+01
3.377609026137931636e+01
3.403921773413659935e+01
3.389750198525042890e+01
3.393507984060947535e+01
3.401545894305273521e+01
3.443197995209933993e+01
3.461424630486862952e+01
3.491100984155205822e+01
3.489683658011877299e+01
3.488549797097213911e+01
3.502737753812282051e+01
3.509056437368741399e+01
3.524174747845106026e+01
3.546332759857401840e+01
3.553995805836034094e+01
3.550062878987743886e+01
3.572074946587106581e+01
3.579621237035399872e+01
3.590689951209637343e+01
3.604576604364621772e+01
3.610654245073014579e+01
3.620548039455323419e+01
3.623431393145575896e+01
3.620706394282176177e+01
3.638653122453857236e+01
3.637915459544402808e+01
3.667515420110436963e+01
3.671068661300863312e+01
3.724228072409209744e+01
3.756692237664682921e+01
3.752473478975464616e+01
3.769225199286490380e+01
3.792689939166507429e+01
3.776239958361321669e+01
3.768111655532774762e+01
3.766640695085532542e+01
3.780558972174544863e+01
3.791693593845754151e+01
3.800601291182722008e+01
3.832885858130299539e+01
3.853681829872759579e+01
3.850191880004326350e+01
3.847399920109579341e+01
3.840134670378179749e+01
3.879607606933464581e+01
3.880995865284087643e+01
3.922359926489387760e+01
3.925261084560030156e+01
3.942677056463342922e+01
3.956609833985992708e+01
3.967756056004112963e+01
3.976673033618608599e+01
3.978774933894602839e+01
3.980456454115398657e+01
3.986833352107637296e+01
3.991934870501428634e+01
3.990984403400859293e+01
4.010350756982804654e+01
4.035907203479565197e+01
4.051320678861371505e+01
4.063651459166816693e+01
4.063452719779975553e+01
4.078388773717301774e+01
4.085305935051560766e+01
4.095871345934569518e+01
4.099291992825374820e+01
4.091965146706822054e+01
4.091135351627574579e+01
4.105566561010982696e+01
4.102016483070903519e+01
4.129366511612445123e+01
4.131119807183277004e+01
4.157680852717945896e+01
4.143707916436473937e+01
4.162719658304901316e+01
4.172897369984040949e+01
4.186071221142955068e+01
4.171451892992083543e+01
4.169819794102590294e+01
4.163482433175393282e+01
4.173507589880434665e+01
4.186559397060069898e+01
4.207064206434981912e+01
4.188246281225704593e+01
4.208413713767489384e+01
4.229579341616512522e+01
4.211290071186531492e+01
4.241943791182949752e+01
4.241308358102082110e+01
4.255895057084186561e+01
4.262532734454275385e+01
4.293001285428341873e+01
4.302281080760796073e+01
4.314736598842361559e+01
4.329732695123215791e+01
4.346761253963494198e+01
4.350320737404520344e+01
4.353168324157341118e+01
4.360478075375199580e+01
4.366325876349486634e+01
4.360940753497712308e+01
4.361664337031894689e+01
4.347148158412441887e+01
4.375788670041681172e+01
4.388637715713868914e+01
4.383821906804819690e+01
4.385000941493182580e+01
4.396007532875069757e+01
4.414876169611783752e+01
4.404812669923151702e+01
4.391730188356644504e+01
4.406422612181441423e+01
4.398049823978877981e+01
4.411478320679228204e+01
4.417189436223906540e+01
4.436853374106447490e+01
4.452584524412480249e+01
4.460137762841711861e+01
4.466180353585097151e+01
4.465982744364203683e+01
4.475888020618685204e+01
4.478780559806676109e+01
4.486126272972663287e+01
4.502066207136657283e+01
4.504754790836648226e+01
4.511937339612243392e+01
4.517683378632719382e+01
4.512216846217903310e+01
4.497780256654846198e+01
4.486230985004400651e+01
4.497118294946444905e+01
4.515891506531284705e+01
4.515815030352350590e+01
4.525817213040406983e+01
4.528787277375250397e+01
4.561353419736729364e+01
4.547152879101111012e+01
4.565982537486214454e+01
4.560919536931896090e+01
4.561900818304043526e+01
4.587844252479764151e+01
4.588472272557940101e+01
4.583943006804878451e+01
4.590382957833626421e+01
4.615661645919032452e+01
4.620789550940551038e+01
4.619860193142164206e+01
4.624148388719056868e+01
4.637642308811774683e+01
4.653469126701551062e+01
4.646003853750963941e+01
4.645063317206096798e+01
4.664437615232603918e+01
4.659810326391408353e+01
4.641013449871653052e+01
4.631007630471450653e+01
4.653193065844886434e+01
4.660878050512438620e+01
4.682121083693279218e+01
4.673957101159948735e+01
4.677489278764488034e+01
4.665219975401313945e+01
4.665467896341978360e+01
4.680761278541309167e+01
4.698027666116375656e+01
4.691714048914028012e+01
4.701758200598948889e+01
4.704761840131290285e+01
4.722259797203962250e+01
4.711099753784097288e+01
4.702171719048205034e+01
4.715156018521891923e+01
4.710448412654042727e+01
4.716745691590960377e+01
4.721783514740494780e+01
4.725813773260122019e+01
4.724006298260228931e+01
4.717528636444712475e+01
4.717378188807901296e+01
4.722289512514047516e+01
4.731250253294566477e+01
4.733387164103379519e+01
4.725033329119232661e+01
4.768667079287914135e+01
4.758288943082462907e+01
4.755018115933696521e+01
4.762464817845887666e+01
4.758358815744436043e+01
4.745010650432077881e+01
4.744395481813388216e+01
4.774093437812041429e+01
4.777725075348563166e+01
4.770567021746576586e+01
4.784967306127388298e+01
4.796487533632037525e+01
4.780545306557761620e+01
4.772823206713935207e+01
4.791803935916877322e+01
4.801956837463628602e+01
4.805047476885435032e+01
4.797456624791676205e+01
4.796415624932271271e+01
4.795582825044747466e+01
4.784853221503524168e+01
4.776269538670545245e+01
4.814687728744566186e+01
4.815232189910184957e+01
4.800572713395874302e+01
4.803940177631231734e+01
4.821729194466316670e+01
4.835960407934384619e+01
4.832250333262039987e+01
4.824250591708562297e+01
4.822882480281381845e+01
4.821787991139638052e+01
4.825944081641837613e+01
4.829268954043597262e+01
4.841992215596209093e+01
4.837075779391499708e+01
4.858301039505727914e+01
4.850122838519114765e+01
4.853643641361021110e+01
4.856460283634545760e+01
4.863745279268967892e+01
4.889700003038906573e+01
4.905432100239255533e+01
4.892859368921531882e+01
4.892864547498556504e+01
4.897900372175778472e+01
4.881802304655155211e+01
4.878987214269853467e+01
4.881766823777213915e+01
4.934307329539100806e+01
4.931054597808213913e+01
4.908325685161103280e+01
4.895174236859009653e+01
4.899748123664140564e+01
4.908438914923840457e+01
4.890233138853604800e+01
4.900826927075411987e+01
4.909301957652857595e+01
4.911050300299218918e+01
4.927544019863107394e+01
4.920612268251817056e+01
4.905003503331580816e+01
4.897548173210994094e+01
4.911710636376925265e+01
4.948199015987673022e+01
4.922041219704670567e+01
4.901114982678268461e+01
4.904500720319548179e+01
4.937399401326169368e+01
4.948623300684667470e+01
4.952570738355863966e+01
4.945665324861624157e+01
4.935109312250630609e+01
4.936727865793032777e+01
4.943054390442556212e+01
4.958178973793378930e+01
4.945120231396034427e+01
4.934673237478158825e+01
4.951474051421860878e+01
4.949819657130016992e+01
4.938432778065345019e+01
4.954481683891609833e+01
4.957257444921417999e+01
4.954446371929662263e+01
4.952197513536258100e+01
4.955430108637136755e+01
4.973111230164638386e+01
4.962097718308643834e+01
4.948255227008246493e+01
4.977434688492729720e+01
4.970588166786711781e+01
4.965110949421897146e+01
4.970792539161249834e+01
4.975337810952731843e+01
4.968910664754713480e+01
4.973832311427502617e+01
4.977769628765734211e+01
4.990982846267516493e+01
4.981426693006541484e+01
4.978813452213363178e+01
4.976722859578820390e+01
4.954923658208785753e+01
4.952579342559556608e+01
4.975862299118175969e+01
4.974361937102671050e+01
4.983225011121470516e+01
4.995347152152105252e+01
4.994981501345416319e+01
4.974562253437664339e+01
4.968290218742659192e+01
4.958240909171060196e+01
4.980391552407378697e+01
4.972953657918431247e+01
4.967003342327272719e+01
4.982369817116747157e+01
4.974536269685926015e+01
4.968269431741268960e+01
4.978351006832349412e+01
4.971321221458407535e+01
4.965697393159253892e+01
4.961198330519930977e+01
4.982757489486475322e+01
4.969814725766113384e+01
4.979587242052224383e+01
4.962246846003110790e+01
4.963469574610618906e+01
4.949352712049826408e+01
4.958185949263592818e+01
4.975315902665803236e+01
4.989019865387571429e+01
4.979856308302585433e+01
4.972525462634596494e+01
4.991819195178207735e+01
5.007254181213097155e+01
5.004507124594209699e+01
5.042562933823901261e+01
5.027722444867251284e+01
5.000755008255131884e+01
5.009371149859034489e+01
5.021295744957758700e+01
5.005677011958734823e+01
5.003245389190719550e+01
5.011363454607504764e+01
4.997731179678531532e+01
5.006952086997753781e+01
4.984138721959534024e+01
4.991046439006961322e+01
4.996572612644902733e+01
5.006025233370851169e+01
5.023650693582813886e+01
5.042782743567985904e+01
5.027898292662518998e+01
5.031085777384944180e+01
5.053762492425285302e+01
5.031650409932755963e+01
5.029055789385538588e+01
5.037043456578961553e+01
5.008211817624500384e+01
4.995209870092128313e+01
5.025061766591032608e+01
5.043911601974561165e+01
5.018738015756581916e+01
5.008662510413395808e+01
5.015697151585645486e+01
5.001198137261044252e+01
4.999662289432567519e+01
5.028623702063383405e+01
5.051792832168036540e+01
5.050201408989357788e+01
5.048928270446415212e+01
5.057973123243264979e+01
5.060177323665142524e+01
5.041813956740244151e+01
5.062345035909525137e+01
5.058643171982549092e+01
5.040586635394168979e+01
5.061363178832665000e+01
5.072952731767866652e+01
5.052034283222423028e+01
5.060457933464071090e+01
5.082291899104188815e+01
5.064537298907082885e+01
5.050333618749398568e+01
5.064129083701253364e+01
5.075165455662737202e+01
5.068899507785118885e+01
5.048791704036224814e+01
5.057863870115112803e+01
5.075184966609420201e+01
5.063883434726869837e+01
5.059873891036424709e+01
5.041571210637269473e+01
5.052087475395948246e+01
5.065532169018493391e+01
5.046097833022924561e+01
5.045645409673268489e+01
5.045283470993543773e+01
5.050025601865365843e+01
5.058850988378425484e+01
5.065911297588873197e+01
5.061496181326027255e+01
5.047900724684554064e+01
5.031992677555773241e+01
5.049456330746353672e+01
5.048332207852011777e+01
5.047432909536538403e+01
5.041681789068564967e+01
5.047144256325383083e+01
5.036419184684038441e+01
5.037902491002159877e+01
5.039089136056657026e+01
5.040038452100254318e+01
5.030734541303935714e+01
5.053481503560477961e+01
5.046520664287716329e+01
5.035920311053904896e+01
5.042535073913654742e+01
5.042795202385852349e+01
5.053066668794814831e+01
5.086442250999987635e+01
5.098047671317319640e+01
5.077141916677587830e+01
5.070480676596999103e+01
5.095341775426133069e+01
5.105167290858236129e+01
5.102964339572721997e+01
5.111265342175506987e+01
5.127969507888938949e+01
5.096047704119281008e+01
5.080573624734758909e+01
5.073226043042735967e+01
5.067347977689117755e+01
5.082772252668623736e+01
5.090079990836633783e+01
5.095926181371041963e+01
5.075444724720565404e+01
5.079186286662584848e+01
5.092242899847397553e+01
5.072498099501650159e+01
5.101987395565456040e+01
5.090357059707293530e+01
5.086084472836365933e+01
5.102793130602024263e+01
5.106096693183354063e+01
5.093644497801611948e+01
5.088714423311820667e+01
5.119992136429193863e+01
5.134950943291888592e+01
5.136854625150840548e+01
5.133345888822407233e+01
5.115443854312854910e+01
5.121248953967613460e+01
5.100734624613424728e+01
5.104449888392474577e+01
5.082263690337711637e+01
5.074578095525097865e+01
5.073461301490608832e+01
5.077599548078620018e+01
5.090973508980225404e+01
5.086577632254711290e+01
5.083060930874299999e+01
5.085279251585572524e+01
5.092085589970192672e+01
5.092498978862286663e+01
5.092829689975962282e+01
5.088062577051300650e+01
5.079217204895969218e+01
5.036919134462504388e+01
5.033270769009337187e+01
4.985066940306400340e+01
4.921345468266047618e+01
4.880431654264969410e+01
4.812478830354900339e+01
4.788306662120449886e+01
4.738778836639284719e+01
4.684061530807553453e+01
4.635256004326566170e+01
4.586148219510580049e+01
4.561957037104589574e+01
4.527509045732998771e+01
4.484855607188919890e+01
4.435637810906857936e+01
4.381168528434409382e+01
4.347656466087647686e+01
4.335941861657044427e+01
4.296380087218956589e+01
4.269762349484088304e+01
4.238404795664990132e+01
4.223382116240914996e+01
4.211363972701655456e+01
4.206781139685842419e+01
4.193051509641995267e+01
4.156909396528914868e+01
4.153154115116453227e+01
4.150149889986483487e+01
4.122588100804505018e+01
4.125697078536925488e+01
4.118120897091657895e+01
4.091933224673042702e+01
4.091109814000551381e+01
4.070324358200157633e+01
4.043632629928645628e+01
4.027310929127038008e+01
4.014253568485752055e+01
3.958522543632319213e+01
3.974317905536776152e+01
3.961795785982338458e+01
3.941714726707591865e+01
3.960871651996993847e+01
3.925880374072509937e+01
3.928077442626527471e+01
3.909708370207340522e+01
3.874886385009590128e+01
3.877218887744987796e+01
3.848894799039707948e+01
3.846362255337885472e+01
3.854399584007623503e+01
3.860829446943414212e+01
3.865973337292047063e+01
3.865056767755358180e+01
3.839165103048004823e+01
3.838578498544522688e+01
3.833077533126134995e+01
3.808550033529023437e+01
3.783896352035732491e+01
3.769205088656701719e+01
3.737325350691076409e+01
3.716853242134178004e+01
3.735697327997858963e+01
3.710519142164002204e+01
3.715535002574920043e+01
3.714516009088052328e+01
3.713700814298557873e+01
3.702985294835758623e+01
3.689381197449924343e+01
3.703656328619251781e+01
3.674822979029912062e+01
3.697041435698844225e+01
3.689657791955987420e+01
3.683750876961701692e+01
3.679025344966272826e+01
3.665181555738733721e+01
3.679264933434704687e+01
3.695563317407076909e+01
3.683443615506978119e+01
3.678779535802494394e+01
3.680079953854509256e+01
3.691183651927325116e+01
3.695034928569975818e+01
3.713210995330895514e+01
3.727751848739630702e+01
3.744416213282221406e+01
3.742652659469494836e+01
3.716083407341311329e+01
3.730049778347964207e+01
3.741222875153286509e+01
3.740097988966347486e+01
3.724103034569989745e+01
3.726402116499709649e+01
3.708114654781084596e+01
3.693484685406184553e+01
3.671717346275060834e+01
3.679461884048164677e+01
3.680625832451045198e+01
3.671493627542153604e+01
3.649092818168233521e+01
3.641235534300301424e+01
3.629918025390354330e+01
3.620864018262396655e+01
3.603557448928833651e+01
3.619902284355580946e+01
3.622914789065781349e+01
3.625324792833941956e+01
3.642347841295269006e+01
3.635839552801930097e+01
3.625601240191657126e+01
3.622442271919040735e+01
3.609851733669744078e+01
3.624937712148309288e+01
3.616879767668760337e+01
3.605401730269519334e+01
3.611314345796932912e+01
3.636171165481263756e+01
3.625866530335123628e+01
3.612591140402609824e+01
3.617065873903405304e+01
3.600518933441640002e+01
3.612439790150223473e+01
3.616944793701495797e+01
3.590358705648908710e+01
3.584184880653637606e+01
3.594340866104226961e+01
3.597433972649096745e+01
3.594876776069390445e+01
3.607926064252424680e+01
3.603270449352052651e+01
3.609609321062958998e+01
3.574426963906882548e+01
3.561376123628819812e+01
3.550935451406370191e+01
3.562709640890811613e+01
3.587224037925163600e+01
3.596772191921448325e+01
3.619505760565274954e+01
3.582344115508735172e+01
3.582804890357101613e+01
3.578141828420191928e+01
3.579443060686266165e+01
3.575452364683523854e+01
3.587354853328136528e+01
3.581781798797020144e+01
3.602481764250130425e+01
3.603946691165819516e+01
3.584991905435970239e+01
3.569828076852090248e+01
3.557697013984986256e+01
3.542960481875701362e+01
3.561361347081877682e+01
3.576082039246819022e+01
3.557668502085167006e+01
3.573127763249451050e+01
3.580463490365275447e+01
3.576268708426731280e+01
3.577944564691497931e+01
3.574253567887708982e+01
3.566269088629083228e+01
3.559881505222182341e+01
3.549739756681060499e+01
3.556721403294961448e+01
3.572370084217286035e+01
3.554698938061541469e+01
3.575783793846144931e+01
3.572524951211427435e+01
3.595076286181655689e+01
3.572863899633036766e+01
3.570189035840940051e+01
3.542890735729267249e+01
3.541178822902330126e+01
3.564967701718775572e+01
3.548777032062732673e+01
3.550919541784696776e+01
3.562696913193472881e+01
3.577150492136095750e+01
3.568586628027792784e+01
3.566767218556745433e+01
3.570343372795509396e+01
3.568172614370918438e+01
3.571467689446848226e+01
3.569072067691989503e+01
3.592313979366105059e+01
3.580717417811800374e+01
3.576471850383951789e+01
3.563012032810475205e+01
3.577402587829696756e+01
3.583883350029472581e+01
3.589067959789292672e+01
3.578120602150350749e+01
3.574394397854791805e+01
3.551286707155944100e+01
3.547895600043671038e+01
3.565309441616253849e+01
3.579240514874319956e+01
3.575290328033966603e+01
3.587225224008490443e+01
3.581678095341302992e+01
3.577240392407553315e+01
3.563626866429356710e+01
3.562799409277996432e+01
3.567169125372510052e+01
3.555569852801322384e+01
3.571448843822375352e+01
3.584152036639217442e+01
3.569156181814688011e+01
3.557159497955064609e+01
3.567688878129766294e+01
3.581144064085130196e+01
3.571781485587020200e+01
3.569323104604127650e+01
3.577419763449017154e+01
3.568802045078129481e+01
3.556876188565817642e+01
3.557398866987165320e+01
3.547753646093046598e+01
3.550100833008948342e+01
3.546946900726074858e+01
3.549455436715371093e+01
3.526303856428812367e+01
3.548036046724367054e+01
3.560390117145208677e+01
3.555178328035083268e+01
3.545977214931380672e+01
3.548679688079615602e+01
3.540778302967007107e+01
3.534457194876920028e+01
3.554558717482852614e+01
3.570639935567599110e+01
3.598599955482195156e+01
3.585746198704671883e+01
3.595589920545054952e+01
3.588369852570555452e+01
3.572530434559758561e+01
3.554827218335519490e+01
3.550728008987331918e+01
3.572607050586777433e+01
3.559920192972735720e+01
3.569897434143904036e+01
3.572847545265236135e+01
3.555080906899901549e+01
3.540867596207633028e+01
3.539560311285022465e+01
3.563672892424929728e+01
3.547741184627655997e+01
3.540027500205438571e+01
3.553983279930065464e+01
3.545021176447366429e+01
3.542883175476809754e+01
3.541172774700363846e+01
3.554899499526005968e+01
3.540722470308516989e+01
3.539444210565729776e+01
3.528358239140295893e+01
3.519489461999948787e+01
3.522457803918875641e+01
3.514769113822812585e+01
3.508618161745962283e+01
3.513760763715686153e+01
3.527938208922661545e+01
3.529216801457044994e+01
3.525207993668949769e+01
3.547159356516476691e+01
3.559688764978896813e+01
3.544553882670830092e+01
3.557604385902379107e+01
3.563013106672016761e+01
3.562308401472124331e+01
3.571808000943414640e+01
3.564312635073648039e+01
3.548252978746630504e+01
3.560563662763019011e+01
3.545253800898127849e+01
3.558164320484217313e+01
3.548366008890688050e+01
3.550590723247061931e+01
3.537275449285361617e+01
3.541718275562800500e+01
3.545272536584751322e+01
3.533020899955513272e+01
3.548377999730125509e+01
3.545568634103016592e+01
3.548352823416924195e+01
3.565675220314856375e+01
3.574501456017600276e+01
3.581562444579795113e+01
3.612369644507553801e+01
3.606825313556156232e+01
3.587294803348238759e+01
3.576702076997507618e+01
3.568227895916922421e+01
3.581575278314855382e+01
3.582189820601997354e+01
3.547459681722511249e+01
3.539802297881323057e+01
3.533676390808372503e+01
3.543870710596810625e+01
3.536931120980762699e+01
3.536411131103525918e+01
3.530963457386134507e+01
3.516541954781017409e+01
3.525131479959324565e+01
3.547098145548776671e+01
3.569703159835933093e+01
3.557597080372060816e+01
3.547912216800962426e+01
3.540164325944084567e+01
3.549061058705380844e+01
3.546115081283220860e+01
3.578980072054692130e+01
3.570050291962670030e+01
3.562906467889052209e+01
3.562223090445752405e+01
3.576771433937918943e+01
3.563251699653649496e+01
3.537340866779435089e+01
3.571960700451663939e+01
3.584561521942647744e+01
3.554388724610633687e+01
3.555408895823018156e+01
3.551193350977330709e+01
3.547820915100780326e+01
3.570281375477536301e+01
3.573154698332142232e+01
3.545263265722229562e+01
3.538045165081098276e+01
3.532270684568192820e+01
3.512556054711069464e+01
3.521942759903366493e+01
3.499262033163606134e+01
3.506275860849801518e+01
3.506855241183155414e+01
3.512350427265440089e+01
3.511714894315666413e+01
3.531333195218248022e+01
3.501742699599910225e+01
3.513292075814439386e+01
3.497373167708066433e+01
3.494701404854165361e+01
3.497595676386646346e+01
3.494879411797029434e+01
3.512833127387736454e+01
3.512101054413503221e+01
3.521578759665313640e+01
3.519097560235564970e+01
3.517112600691766033e+01
3.535651360319127434e+01
3.540419004389812585e+01
3.534169756015164410e+01
3.544265402762244577e+01
3.557373601975510269e+01
3.552765115899324400e+01
3.554110008853970726e+01
3.555185923217688071e+01
3.571141700155467902e+01
3.558747912627688947e+01
3.553864564421067485e+01
3.554989567671364625e+01
3.560921252087204891e+01
3.585793326882277654e+01
3.595627623087139568e+01
3.618590105497827381e+01
3.631928409610775788e+01
3.632535689269937507e+01
3.658179922075262880e+01
3.678695308319522894e+01
3.710202662761737002e+01
3.730376864499906731e+01
3.741484544074840102e+01
3.760434051365990626e+01
3.800752066276913865e+01
3.833006478205652456e+01
3.878936735011043879e+01
3.915680940455357018e+01
3.945076304810807954e+01
3.998782687188766261e+01
4.016589384013130370e+01
4.055993150550624193e+01
4.087516163780619394e+01
4.107702892549013285e+01
4.138947321010534353e+01
4.158911181964149506e+01
4.184945634358245314e+01
4.205773196273522530e+01
4.217403563990141890e+01
4.246834585425838071e+01
4.265347720758793315e+01
4.280158229025157368e+01
4.297038317453850453e+01
4.305510706381203079e+01
4.342478708416690125e+01
4.361989746413875935e+01
4.397725304074025132e+01
4.431345432017746333e+01
4.433083125294720617e+01
4.459631688994303289e+01
4.475838858138367016e+01
4.503899638900416846e+01
4.516284899878859704e+01
4.516129745030410447e+01
4.536132348414052018e+01
4.532007703858564440e+01
4.538771351845377922e+01
4.554245633866025855e+01
4.566625059482544202e+01
4.581560281791360723e+01
4.593508459638413655e+01
4.608098683731657985e+01
4.639897590268654426e+01
4.645209988235851029e+01
4.664554952056406734e+01
4.654872514034848763e+01
4.682348336326808891e+01
4.704328994160377420e+01
4.701786793164831124e+01
4.714848077815192795e+01
4.710202060088683851e+01
4.701453564091874426e+01
4.719613176372429564e+01
4.708982457118870713e+01
4.715572927162822481e+01
4.735940348644790276e+01
4.737139240383558558e+01
4.758225081036973592e+01
4.759998708112907195e+01
4.756385927958051951e+01
4.768590749280973995e+01
4.743132833630104273e+01
4.778115001081016544e+01
4.775910644148141415e+01
4.809368931311040996e+01
4.836135561041361086e+01
4.827358773932019176e+01
4.815305662428943378e+01
4.810694855042085294e+01
4.817069572763795549e+01
4.837264392387969281e+01
4.843356884456104439e+01
4.883452650819812391e+01
4.890370854832782754e+01
4.890873736227557345e+01
4.876180995896578452e+01
4.874490167262992202e+01
4.893264231618523752e+01
4.898220119471751843e+01
4.907216511569929196e+01
4.914413625248471362e+01
4.945329725269307630e+01
4.944904196207973968e+01
4.949595454774509307e+01
4.968443507074536569e+01
4.948300176205358269e+01
4.942248875141219600e+01
4.962566243367904661e+01
4.943598365240053027e+01
4.968677517262572962e+01
4.963582429802586660e+01
4.974601405281403288e+01
4.983416585664456733e+01
4.980405366339695661e+01
5.003154799957889054e+01
5.011290983221240225e+01
5.017799929831920736e+01
5.028038768936067271e+01
5.021134794772585508e+01
5.015611615441800097e+01
4.996098026530373204e+01
5.000613882663632381e+01
5.004226567570239581e+01
5.002085033679923498e+01
5.005403488383272759e+01
4.992963206699145928e+01
5.023264435876646417e+01
5.037442055587450085e+01
5.023625742278090200e+01
5.032699418893002985e+01
5.029894996553736064e+01
5.037714822313519392e+01
5.008748910212146654e+01
5.005702907793449441e+01
5.023392833120892220e+01
5.027481409751642616e+01
5.030752271056243075e+01
5.018273914653124734e+01
5.013322911346232047e+01
5.029488835963118731e+01
5.027326530209828803e+01
5.030628367422792024e+01
5.013143109930761909e+01
5.024313313015140636e+01
5.038281157298245461e+01
5.024297023646726501e+01
5.053363171250313002e+01
5.051457680255179383e+01
5.054964969274674047e+01
5.072865845937069196e+01
5.062028138188989601e+01
5.078516381068521213e+01
5.061516884478548661e+01
5.052948969022173031e+01
5.051126318472667265e+01
5.039604834401865929e+01
5.035419328960826846e+01
5.037102606423590601e+01
5.053544273840607559e+01
5.051602562327414603e+01
5.045017511301265500e+01
5.054844515927145210e+01
5.062706119627848977e+01
5.058932038957208022e+01
5.055912774420695399e+01
5.073624090053885993e+01
5.057603051666841054e+01
5.064912948219605937e+01
5.070760865461817701e+01
5.075439199255586686e+01
5.074150184475000458e+01
5.068087290834929348e+01
5.083363703185273152e+01
5.085521469434351616e+01
5.067120955171213126e+01
5.077558952838705153e+01
5.080877669157096932e+01
5.078500960396208086e+01
5.071567911571895593e+01
5.066021472512445456e+01
5.086742730342888308e+01
5.068097963898042480e+01
5.073308878004566935e+01
5.067414245658582672e+01
5.057666857966199814e+01
5.064963993259092945e+01
5.050674974231006331e+01
5.069433849902134881e+01
5.064314223176636887e+01
5.075313567243044588e+01
5.089144724311765344e+01
5.105241331782343650e+01
5.103023572312007872e+01
5.096217682920136838e+01
5.115931380484643398e+01
5.101512247642643416e+01
5.105071986815849527e+01
5.087793050892013724e+01
5.089064947599743505e+01
5.090082464965927755e+01
5.085864797043272745e+01
5.077458980889547036e+01
5.085829373413372423e+01
5.087494005616830606e+01
5.078762347748393324e+01
5.091903748716044475e+01
5.102416869490165396e+01
5.105795684293867254e+01
5.113530417952423335e+01
5.109654841248071477e+01
5.136744470778194938e+01
5.148352810771089594e+01
5.147576119134201633e+01
5.146954765824690980e+01
5.131362637730283893e+01
5.133983980701556504e+01
5.110922646000579306e+01
5.112600305502198239e+01
5.118974114919087981e+01
5.108978117005801067e+01
5.116076364121970244e+01
5.096596552736910013e+01
5.091076067260058835e+01
5.101754724325376600e+01
5.125392695424437051e+01
5.129208026856879599e+01
5.137291973818435054e+01
5.133695767756482553e+01
5.140882166538117559e+01
5.146631285563425706e+01
5.161293944414876478e+01
5.147865662418033850e+01
5.167313127714164978e+01
5.157712690873066919e+01
5.165127386846987179e+01
5.155964098179324395e+01
5.153665149060789474e+01
5.166921035212767066e+01
5.172494062318747154e+01
5.187015847634735621e+01
5.193601594071924410e+01
5.203901873037277426e+01
5.192015368947151899e+01
5.217727938384258124e+01
5.203076221224736031e+01
5.186323165681523761e+01
5.188015766693752795e+01
5.179306483872331768e+01
5.177370739430796931e+01
5.175822143877569204e+01
5.169551585619385037e+01
5.169566820828439546e+01
5.144420599917680192e+01
5.144430350451473544e+01
5.149469832694110494e+01
5.153501418488220054e+01
5.146663323492310838e+01
5.126097802048777652e+01
5.139835475787555907e+01
5.135730569331779805e+01
5.142510007798355787e+01
5.137870194940419566e+01
5.154285071916471139e+01
5.162385291681710697e+01
5.158802103862698374e+01
5.155935553607488231e+01
5.153642313403319974e+01
5.161871084871189908e+01
5.163422420229883869e+01
5.164663488516838896e+01
5.160624661330800933e+01
5.162425281397572263e+01
5.163865777450989469e+01
5.165018174293723519e+01
5.165940091767910758e+01
5.161645943931658564e+01
5.163242307478258653e+01
5.179614443762344678e+01
5.182648789158409386e+01
5.169981220028462587e+01
5.169910528355701729e+01
5.164822293201891057e+01
5.175846750525648332e+01
5.174602952753450325e+01
5.178639596351293761e+01
5.196963956676367502e+01
5.191496717674025518e+01
5.187122926472152074e+01
5.173560529879456737e+01
5.167742294420894922e+01
5.163087706054045611e+01
5.164395717176168432e+01
5.165442126073866547e+01
5.171310935007626597e+01
5.155879254892234087e+01
5.143533910799919795e+01
5.133657635526068930e+01
5.115693251675784126e+01
5.131511835489160944e+01
5.134103338908658287e+01
5.121081496197457739e+01
5.160980840184502938e+01
5.162710224480534293e+01
5.159062050101756824e+01
5.156143510598734991e+01
5.158840360811919368e+01
5.160997840982467011e+01
5.187882234196908371e+01
5.189263021506060625e+01
5.165209242275379609e+01
5.191251355231238307e+01
5.171831591071123313e+01
5.166359143374228324e+01
5.161981185216712475e+01
5.178605545953107736e+01
5.176809989095417563e+01
5.175373543609265425e+01
5.184287750851547827e+01
5.191419116645374032e+01
5.197124209280434570e+01
5.206719965204085554e+01
5.209364888127404214e+01
5.206449144650456873e+01
5.199084868053297015e+01
5.193193446775569555e+01
5.203575355200193542e+01
5.181690791046287359e+01
5.174246503354359561e+01
5.178354436832021435e+01
5.191704147245354761e+01
5.187288870129215468e+01
5.203883375698704583e+01
5.192000571076293625e+01
5.197589372825170528e+01
5.222187141486672601e+01
5.216706947337871725e+01
5.247544564728030991e+01
5.247056249562162122e+01
5.256728961060664318e+01
5.239308721181463113e+01
5.220340847462500022e+01
5.225293275749737631e+01
5.209128491117120063e+01
5.216323390673433380e+01
5.201952583056076662e+01
5.205550982408996674e+01
5.198366338260129282e+01
5.202681986572238770e+01
5.211166187037528630e+01
5.228016911040957382e+01
5.211307399350095437e+01
5.208003153628609994e+01
5.215423120682625324e+01
5.216327412510236172e+01
5.232145891419123274e+01
5.214610583652628151e+01
5.215677382886238433e+01
5.221562504088728218e+01
5.216207237419516218e+01
5.196827978637347911e+01
5.186356253427207719e+01
5.188042236890299819e+01
5.194422705476375768e+01
5.184432034898430430e+01
5.176439498436074160e+01
5.175077151081791271e+01
5.179018955013966519e+01
5.197267443606505566e+01
5.196771189033738381e+01
5.206437549006728460e+01
5.194043909722712726e+01
5.204255725557907653e+01
5.227520223672862443e+01
5.231036776718027426e+01
5.213723291891751899e+01
5.219999231293139275e+01
5.225019982814249175e+01
5.229036584031136670e+01
5.242313228635843814e+01
5.237839498872810395e+01
5.229228833246781960e+01
5.227371982561561481e+01
5.235949865644581536e+01
5.227717126664198588e+01
5.231194299111096768e+01
5.228944355253013043e+01
5.227144400166545779e+01
5.250862845175375071e+01
5.244679192104435828e+01
5.239732269647684149e+01
5.225711368051079120e+01
5.224558010404999209e+01
5.218603642472533011e+01
5.228935193573359186e+01
5.217073707191619292e+01
5.242806290795434165e+01
5.223138903153677148e+01
5.222500038487077489e+01
5.211925583122593508e+01
5.218561064277812278e+01
5.264122903726789104e+01
5.255287238945567196e+01
5.268345434382990078e+01
5.263696945286129392e+01
5.275073199455439976e+01
5.253984111897283782e+01
5.252207887297564781e+01
5.250786907617789723e+01
5.259713487505166540e+01
5.266854751415067426e+01
5.267536080727386150e+01
5.263049462361646391e+01
5.249396804037850472e+01
5.258601404641214572e+01
5.250870039677107570e+01
5.249716629521423528e+01
5.263888946843675143e+01
5.275226800701476293e+01
5.269202038340918648e+01
5.284508955714873224e+01
5.276627762351635909e+01
5.280386171292243347e+01
5.293456262075932983e+01
5.283785607440484000e+01
5.276049083732124956e+01
5.279923228396634727e+01
5.262895816865841425e+01
5.254305569456808911e+01
5.242401689713980772e+01
5.232878585919718262e+01
5.230291784699910096e+01
5.238285707355260712e+01
5.249712527295142905e+01
5.238727255984647968e+01
5.234970720751854145e+01
5.231965492565618803e+01
5.229561310016630671e+01
5.237701327608637314e+01
5.224086614419841368e+01
5.208163162053202910e+01
5.210519445606698241e+01
5.197309427002688409e+01
5.191773093935082528e+01
5.197407391112201935e+01
5.211978192485094041e+01
5.213571469952211146e+01
5.204782728294700433e+01
5.217878462231092840e+01
5.233386731195808750e+01
5.245793346367581478e+01
5.260750320320601503e+01
5.267684217667415680e+01
5.258136290098067889e+01
5.250497948042590224e+01
5.234323910767003696e+01
5.261638135471336142e+01
5.268394469788003676e+01
5.273799537241337276e+01
5.263028545757205734e+01
5.269506798016698923e+01
5.264626036193097036e+01
5.245626381287409146e+01
5.250553384625259667e+01
5.259526669111141928e+01
5.246578569437447470e+01
5.271441862407691303e+01
5.271205769521485252e+01
5.250890167950120002e+01
5.284954504849033441e+01
5.271952519843362239e+01
5.251487568207621592e+01
5.240147288714631202e+01
5.261265156013843125e+01
5.253001040775210129e+01
5.266516475846704282e+01
5.252170414825896927e+01
5.250756929640455439e+01
5.244594459676500264e+01
5.244696165520937825e+01
5.229682484749682203e+01
5.227734903763881391e+01
5.216113475344036488e+01
5.206816332608160991e+01
5.209441982050664421e+01
5.201479137973463196e+01
5.225298953605307162e+01
5.249386487926383893e+01
5.253561469936439465e+01
5.231743046466480962e+01
5.249510080399721090e+01
5.248628662099514486e+01
5.268050254721750036e+01
5.278555847003936208e+01
5.302055366276483994e+01
5.290664890800924525e+01
5.276520828604875391e+01
5.270237260663638068e+01
5.275273769941844648e+01
5.269239613733213190e+01
5.294602379659905722e+01
5.284702501507662475e+01
5.291877644432666727e+01
5.282522713325870711e+01
5.239816995731227678e+01
5.210684103471115236e+01
5.132029289691424623e+01
5.043947029589669029e+01
4.983544585139461702e+01
4.925159265948099119e+01
4.833165874254605399e+01
4.769634524531007003e+01
4.678555990227326333e+01
4.640914935493588445e+01
4.595707046259792605e+01
4.534382325794759794e+01
4.495385913053930693e+01
4.449093737414468563e+01
4.407028315087296733e+01
