3.735598444218567238e+01
3.720503398771765546e+01
3.708427362414324335e+01
3.708829896959575478e+01
3.704120242780174266e+01
3.695320837621051169e+01
3.668154586231351999e+01
3.671579994197595909e+01
3.664256956939394172e+01
3.653366845317230371e+01
3.639623074203897346e+01
3.618564693682034061e+01
3.616813034711341857e+01
3.625475071165985241e+01
3.622341336698502801e+01
3.629897712755713712e+01
3.630911131785887846e+01
3.636753548825622318e+01
3.651490846088613296e+01
3.663280683899006362e+01
3.647554145069318565e+01
3.680258050345971554e+01
3.671199401858093836e+01
3.653889119436588118e+01
3.665199302577386220e+01
3.694374176352425820e+01
3.672428939032053563e+01
3.669967794622554891e+01
3.667998879094955811e+01
3.661392064857281525e+01
3.696360067991943765e+01
3.704207743237272865e+01
3.705454201617934018e+01
3.726578095584864059e+01
3.723350483496007257e+01
3.755990166534121499e+01
3.736816776624209524e+01
3.726509746511881360e+01
3.728327486053223083e+01
3.754940086764298712e+01
3.776230167333159216e+01
3.768103822710244799e+01
3.791792837905511249e+01
3.800680686430527544e+01
3.767537510725739480e+01
3.791339788317907278e+01
3.800318246760444651e+01
3.792405968067668454e+01
3.806202872375855861e+01
3.807177032191201249e+01
3.812988041859080113e+01
3.822668531408984904e+01
3.815317877602102214e+01
3.809437354556596489e+01
3.789637890673392917e+01
3.798956728644833447e+01
3.811443480837587572e+01
3.821432882591790303e+01
3.819361040363948945e+01
3.832798612028474849e+01
3.838516987544500125e+01
3.848123369772915225e+01
3.830650066477645055e+01
3.841829832919431453e+01
3.855805327888462841e+01
3.861954042048085967e+01
3.866873013375784751e+01
3.875839872253545337e+01
3.888045041171355365e+01
3.892777494490002255e+01
3.891531775329317355e+01
3.900598563631973548e+01
3.922947039720897067e+01
3.905604047882836483e+01
3.901793018043584738e+01
3.913839239618989296e+01
3.898317807801309698e+01
3.906027389609567280e+01
3.907163373240571502e+01
3.918135523776578566e+01
3.926913244205384501e+01
3.908777011470426288e+01
3.919426434360462963e+01
3.922914290856890318e+01
3.945831303316433036e+01
3.939006504206064108e+01
3.943610028548972934e+01
3.942261166207697443e+01
3.961308803597078310e+01
3.971515231692981018e+01
3.979680374169703327e+01
3.996275851782284860e+01
4.014583915687944682e+01
4.019167003181276243e+01
4.007738427729142217e+01
4.013690612814234271e+01
4.028515724513504637e+01
4.050439177504124899e+01
4.062946258081019124e+01
4.083015286173738190e+01
4.094038826832311884e+01
4.107889341174772824e+01
4.103874707201935479e+01
4.115758045470471416e+01
4.135328079716497029e+01
4.145952425297715394e+01
4.154451901762690369e+01
4.161251482934670065e+01
4.156627784241057100e+01
4.178087234364169689e+01
4.185191430831455506e+01
4.211001515267685136e+01
4.236681264632270683e+01
4.257225064123939262e+01
4.263596740086077119e+01
4.283789126302586681e+01
4.294911353460192061e+01
4.283682407923875957e+01
4.314952706019624173e+01
4.299715489971421079e+01
4.307652444395260005e+01
4.319033689749932847e+01
4.343233731480469828e+01
4.357562083049297286e+01
4.379088127935563790e+01
4.381213918397777718e+01
4.408072959845544858e+01
4.424528511188163549e+01
4.432661270446656232e+01
4.444199159669052790e+01
4.438334425600164224e+01
4.433642638345052944e+01
4.434920890356566048e+01
4.446006855596980500e+01
4.454875627789311920e+01
4.467002327358772362e+01
4.496830414276741550e+01
4.510629520179919894e+01
4.536763850349261418e+01
4.562702996300336622e+01
4.563327585798796093e+01
4.558795575581961401e+01
4.585360058302098452e+01
4.596548280847004264e+01
4.620593904329734869e+01
4.624735357669113256e+01
4.623016838525013839e+01
4.631705386840938132e+01
4.653751270940476559e+01
4.666356296404512705e+01
4.691535362222540329e+01
4.706646933061360727e+01
4.713704507916814634e+01
4.729413931432382157e+01
4.731918106613631636e+01
4.733921446758631646e+01
4.745587482505835197e+01
4.759951992919200592e+01
4.751316873987492073e+01
4.754472142473321838e+01
4.772091402708784358e+01
4.796250174528358201e+01
4.785387101090412898e+01
4.786760005971260767e+01
4.802953375322737628e+01
4.820939752619521101e+01
4.820233809010149173e+01
4.819669054122651630e+01
4.844375659290649594e+01
4.854077579793850816e+01
4.871902479827608801e+01
4.866035672592214212e+01
4.891532317697503629e+01
4.896834588334935745e+01
4.896044723029280021e+01
4.895412830784755442e+01
4.894907316989135637e+01
4.909597951399438642e+01
4.901223731665280070e+01
4.919682764955955889e+01
4.924386627957292717e+01
4.928149718358362463e+01
4.951286917941618526e+01
4.934574904899024261e+01
4.946363703542951384e+01
4.970889787904891932e+01
4.975415609947645379e+01
4.989099631213045427e+01
5.000046848225365181e+01
4.993709576388422278e+01
5.013798167996870347e+01
5.014773995836830522e+01
5.030649703555597085e+01
5.033286906099406366e+01
5.025333304503256926e+01
5.044128832304340193e+01
5.028975163651602287e+01
5.031947274176210527e+01
5.049420008042703500e+01
5.063398195135897595e+01
5.049422335732450051e+01
5.038241648209692158e+01
5.059487189085083259e+01
5.071451939969801259e+01
5.091087104308772382e+01
5.091700190333150999e+01
5.082127295521449639e+01
5.084532343303292379e+01
5.076393017897562743e+01
5.090008284835379726e+01
5.115995543832439552e+01
5.121690305583281599e+01
5.106119387721554403e+01
5.088630971616577625e+01
5.104830329626193475e+01
5.127853179665090266e+01
5.131176414249402029e+01
5.133835001916851581e+01
5.140993553866412924e+01
5.171878804504064675e+01
5.166396914120581130e+01
5.177106447260600675e+01
5.170579028325810356e+01
5.165357093177978243e+01
5.166211226875314111e+01
5.156831170201986225e+01
5.159390488494520355e+01
5.176532988575353755e+01
5.175151943193214521e+01
5.174047106887503134e+01
5.158068192396135032e+01
5.160380106249839827e+01
5.172293000964007348e+01
5.161696589472940389e+01
5.178377869358089924e+01
5.211849620528610671e+01
5.218500294202625867e+01
5.218789151326236464e+01
5.219020237025124942e+01
5.224236787399837567e+01
5.233441709515202689e+01
5.195520510867090991e+01
5.215500370104606986e+01
5.226452575679017798e+01
5.230182658322951994e+01
5.228135042622497508e+01
5.216433586430929381e+01
5.232230830555678125e+01
5.249900307671079247e+01
5.243909162100999310e+01
5.234084563829333092e+01
5.246351612474401094e+01
5.246101887759258631e+01
5.240870426171542817e+01
5.236685256901370167e+01
5.238368803300834031e+01
5.244747322235999576e+01
5.244818455568537274e+01
5.259970407681366567e+01
5.267060287556027731e+01
5.262668827824559514e+01
5.254123978223783098e+01
5.247288098543162249e+01
5.287104531139068797e+01
5.288767586322189374e+01
5.269971303206285285e+01
5.280092685791564833e+01
5.278126428228584643e+01
5.271521740362605613e+01
5.261206308254219977e+01
5.257985644383113311e+01
5.275535840548629096e+01
5.284544315665439740e+01
5.286719413943286128e+01
5.278396128934366516e+01
5.281800864558427833e+01
5.259366243979673783e+01
5.236386865701068416e+01
5.218003363078184265e+01
5.238518333689084017e+01
5.254930310177803676e+01
5.247933164106378712e+01
5.237303765433636471e+01
5.258990337389047909e+01
5.256212867690975798e+01
5.243927528301314567e+01
5.224035893158381327e+01
5.228249312306442675e+01
5.246715093071690461e+01
5.246392672237089982e+01
5.236071371938205488e+01
5.263036104408297433e+01
5.239322754043967478e+01
5.260605528277312715e+01
5.242409974954782115e+01
5.242948577743563021e+01
5.258474505421386880e+01
5.230641793038844156e+01
5.223470668579609111e+01
5.247923859905825594e+01
5.242328003888795962e+01
5.227787955443968571e+01
5.236282643950507065e+01
5.238046712940143124e+01
5.234426286316249843e+01
5.236561626832737204e+01
5.233238217430325534e+01
5.245674535355195189e+01
5.235496862432690079e+01
5.242449769541484272e+01
5.248012095228519769e+01
5.267557001224954405e+01
5.273129562390897718e+01
5.237334156798851126e+01
5.228824559587614829e+01
5.242143609081026057e+01
5.237703803228956190e+01
5.219056913100494910e+01
5.239361173706932107e+01
5.235477854929681030e+01
5.237402881723482295e+01
5.218816175896115794e+01
5.239168583943428814e+01
5.260482192196881357e+01
5.257406351537242983e+01
5.244882315378328030e+01
5.244926450082400038e+01
5.234898394214453532e+01
5.226875949520096754e+01
5.210394630133406935e+01
5.197209574624055506e+01
5.186661530216574079e+01
5.178223094690589079e+01
5.146313937191805366e+01
5.156008383901978220e+01
5.158732259454514235e+01
5.140784632634142071e+01
5.131458212993446466e+01
5.149155486358893086e+01
5.128091532342043024e+01
5.111240369128563543e+01
5.122917847635782351e+01
5.147354875888363779e+01
5.141746089412426102e+01
5.122164014784869579e+01
5.121593400529630458e+01
5.146295318203441838e+01
5.135866761448886564e+01
5.127523916045242203e+01
5.120849639722326430e+01
5.130605264110792518e+01
5.113251354543562854e+01
5.109431590520983235e+01
5.121470824749718531e+01
5.126070530317104357e+01
5.114655249324214026e+01
5.100491342714300202e+01
5.099223581057572829e+01
5.108272735363387795e+01
5.100417013361241203e+01
5.129354208468730292e+01
5.132377237292313765e+01
5.109637251273184688e+01
5.121635353351479125e+01
5.126202153198512690e+01
5.119792229444942677e+01
5.109632608626485251e+01
5.116599957418517874e+01
5.112110472820947393e+01
5.118582248774087873e+01
5.128791351352202099e+01
5.131926951599091069e+01
5.134435431796602245e+01
5.136442215954611612e+01
5.117920916018618271e+01
5.113167239701027711e+01
5.114395980462556679e+01
5.140537382149783241e+01
5.141323776237156551e+01
5.146984573322657042e+01
5.131386483728656600e+01
5.134003057500255096e+01
5.131064634701938587e+01
5.133745578278880828e+01
5.130858651324839315e+01
5.133580791577200841e+01
5.130726821963495610e+01
5.118380282641327028e+01
5.103471369367990462e+01
5.116702647827324313e+01
5.132319352410392810e+01
5.129717670630049042e+01
5.122604643390172185e+01
5.126977585229467138e+01
5.140539302332107496e+01
5.121198585120615121e+01
5.105726011351421079e+01
5.103411315967269957e+01
5.091496196028744947e+01
5.086995781893526924e+01
5.103522177847753483e+01
5.111711612795532744e+01
5.123294842569357854e+01
5.122498062757220794e+01
5.131924002538708152e+01
5.149528117995102150e+01
5.148516364913411536e+01
5.152738644263661172e+01
5.156116467743860454e+01
5.153787044712417753e+01
5.141860142656067012e+01
5.157477030088989522e+01
5.164938858219725404e+01
5.170908320724313967e+01
5.165620527096780989e+01
5.176485337641560136e+01
5.185177186077383737e+01
5.177035619379236664e+01
5.170522366020718863e+01
5.175375126965109018e+01
5.154098926642618039e+01
5.147141330015828942e+01
5.166733661792400767e+01
5.167312481766852272e+01
5.167775537746413761e+01
5.178209346161266780e+01
5.176493029261945367e+01
5.185183339373691780e+01
5.187103905647487068e+01
5.178576995035319186e+01
5.166723784729990143e+01
5.162272898301321788e+01
5.163743870973988948e+01
5.159888967296520690e+01
5.146741680723349077e+01
5.146287215096008794e+01
5.181145415303343782e+01
5.173810202760004984e+01
5.178005396356537915e+01
5.171298187602560148e+01
5.186059147861785590e+01
5.207931279700363092e+01
5.200270576093222274e+01
5.199173695023111463e+01
5.173137781089020137e+01
5.162372413572951046e+01
5.173886846822496466e+01
5.183098393422132943e+01
5.180404267070638014e+01
5.183280647805044339e+01
5.165455025130168565e+01
5.161257890621464384e+01
5.162931864830103024e+01
5.189429453275016613e+01
5.180437433137343106e+01
5.163180453396007152e+01
5.189628324127740200e+01
5.190659893450725804e+01
5.186453467093512160e+01
5.183088326007741387e+01
5.190459576770328454e+01
5.191324895564796549e+01
5.192017150600371167e+01
5.197602636444432278e+01
5.202071025119681735e+01
5.195582372428677331e+01
5.185359768460271823e+01
5.207371776179152079e+01
5.189759609645056315e+01
5.200828285495782666e+01
5.194588180729557791e+01
5.199659460547781720e+01
5.188621438955554765e+01
5.199917748944181284e+01
5.198891433303878529e+01
5.198070380791636325e+01
5.182318493335043996e+01
5.189843710632170826e+01
5.210958929916671423e+01
5.197661014450666528e+01
5.197086045709066582e+01
5.201657752531389178e+01
5.190220072542440732e+01
5.176038246735687665e+01
5.204946240615086595e+01
5.202914226640602635e+01
5.211351979092219722e+01
5.223133862869108412e+01
5.227527688075024059e+01
5.231042748239757145e+01
5.213728069109135532e+01
5.204908007620240085e+01
5.197851958429123442e+01
5.187175437260628286e+01
5.183665902141434145e+01
5.165763228599280410e+01
5.186662862474756963e+01
5.193319205943941341e+01
5.213739326166087551e+01
5.209948695081403969e+01
5.196852826582453133e+01
5.196439495414496434e+01
5.191077148664528806e+01
5.196850634895758958e+01
5.206501105696344922e+01
5.189063073258810732e+01
5.170080965493181679e+01
5.190117051989877694e+01
5.191050875740435799e+01
5.186766252925280440e+01
5.178306872857554310e+01
5.186634414250178793e+01
5.203359810995475243e+01
5.201645082944914122e+01
5.210336664135668627e+01
5.197163201825864576e+01
5.196687795609225446e+01
5.201339152451515702e+01
5.200028556109746347e+01
5.193948397220728452e+01
5.199147633740718533e+01
5.218402068403509020e+01
5.208647207055739159e+01
5.200843317977523128e+01
5.199631888530552004e+01
5.188599381341771277e+01
5.179773375590746554e+01
5.187807616436732872e+01
5.194235009113521784e+01
5.194345241439351213e+01
5.189401745484412487e+01
5.180415266904859806e+01
5.183289447672421346e+01
5.175525428655267035e+01
5.194472622519545979e+01
5.164345241270565623e+01
5.170433427164986284e+01
5.165240612249318986e+01
5.156054678501190125e+01
5.158769295133883759e+01
5.191131079333643328e+01
5.201925461246652560e+01
5.180370875883454573e+01
5.188285616670899003e+01
5.194617409300855115e+01
5.194651161589217736e+01
5.184614799788703721e+01
5.196712437610700874e+01
5.186263820605890373e+01
5.187968290633246227e+01
5.204426912101929759e+01
5.202498763830077166e+01
5.200956245212595519e+01
5.199722230318609917e+01
5.178608291141020459e+01
5.171780503430146325e+01
5.176381636892650562e+01
5.159935816400253117e+01
5.151810841821937004e+01
5.150342543974879561e+01
5.159231269328437008e+01
5.166342249611282966e+01
5.172031033837559733e+01
5.171550379402979303e+01
5.156070810408516536e+01
5.178908927922145722e+01
5.202211103748651055e+01
5.205757798963056615e+01
5.193500109687774824e+01
5.198789003714355772e+01
5.182893391673219696e+01
5.205398674749510235e+01
5.213339537579345517e+01
5.199565500580806088e+01
5.178482907350777964e+01
5.156585150951153196e+01
5.189383763987459020e+01
5.175369199891702010e+01
5.159125866799494275e+01
5.166257927588129206e+01
5.161900212587833181e+01
5.168477404218800331e+01
5.193865884785974885e+01
5.199081623792915252e+01
5.208285896814069815e+01
5.215649315230993466e+01
5.221540049964532670e+01
5.206125910488955810e+01
5.188762917092899585e+01
5.200030931454057281e+01
5.198981979311779611e+01
5.228332908491562137e+01
5.231686924572987607e+01
5.209211728360124738e+01
5.211358298652235277e+01
5.187917145807921315e+01
5.179227587163666868e+01
5.172275940248263026e+01
5.191873031793942772e+01
5.182392295952483607e+01
5.179839389094918545e+01
5.197923790871267613e+01
5.187232903214344049e+01
5.173648511273209749e+01
5.192971088613900577e+01
5.193334105039654247e+01
5.173497790917856065e+01
5.187818830514022750e+01
5.174117253112952852e+01
5.168187673007692240e+01
5.193634099817088412e+01
5.178769468555405808e+01
5.202099536255258982e+01
5.185541817705941980e+01
5.177327324682083542e+01
5.160692366631799644e+01
5.172542809269575059e+01
5.166928117932990006e+01
5.167468046679323379e+01
5.172931671491992489e+01
5.167239207710923665e+01
5.152621873054872026e+01
5.171118096223635519e+01
5.145661620233837397e+01
5.145423166704399875e+01
5.145232403880849859e+01
5.155143157253213815e+01
5.147976714504305562e+01
5.167401969383182347e+01
5.162815446023875410e+01
5.133987818258434288e+01
5.161242534202079923e+01
5.152856216063398875e+01
5.141115479736851768e+01
5.146817936122413073e+01
5.156411583046464386e+01
5.154023136954501183e+01
5.182302470974535424e+01
5.174735847296958013e+01
5.153587502908096951e+01
5.186985645553014024e+01
5.198609114222148975e+01
5.182749480079453974e+01
5.195220181843301077e+01
5.190101697807572378e+01
5.170911865132190854e+01
5.170655044438684200e+01
5.165417906068277176e+01
5.171291559003155669e+01
5.186053844982262007e+01
5.182768628318741122e+01
5.180140454987924414e+01
5.183069598138872891e+01
5.195476276290835926e+01
5.195338255181202669e+01
5.225417929187100441e+01
5.214259895682612012e+01
5.210365150694623537e+01
5.217312718335436728e+01
5.217839090632485011e+01
5.213228506654521510e+01
5.219603403103354822e+01
5.214639956631217643e+01
5.215700881269109601e+01
5.201454575532617497e+01
5.225279303652630603e+01
5.199053949808237007e+01
5.198200393995123392e+01
5.202549231160234200e+01
5.180869891814320027e+01
5.183653147599989808e+01
5.185879752228525774e+01
5.177597672300150577e+01
5.181035371988654248e+01
5.203912259001857876e+01
5.197055359534417818e+01
5.176474794513666922e+01
5.180137069759467039e+01
5.167971844509308710e+01
5.183398073387184724e+01
5.195739056489485108e+01
5.200580161155723857e+01
5.209484726704316415e+01
5.216608379143190888e+01
5.197148892016287647e+01
5.216803075023964453e+01
5.192272966905304088e+01
5.162585516779171968e+01
5.163993965756269233e+01
5.180215770384752716e+01
5.188161532271937659e+01
5.199549823597287457e+01
5.203628774841965310e+01
5.191796890390902064e+01
5.192394746461255295e+01
5.192873031317537880e+01
5.198287341018166074e+01
5.202618788778668346e+01
5.170862174277863232e+01
5.170615291755222387e+01
5.155322740290310435e+01
5.153152062749578022e+01
5.156447202532594076e+01
5.169146677990210748e+01
5.154147849278301408e+01
5.152212149939970942e+01
5.165758635916112240e+01
5.161500779250219750e+01
5.173189539364311429e+01
5.187572229271187041e+01
5.173919972118684285e+01
5.168029848212277244e+01
5.178412794533957708e+01
5.171624106144496125e+01
5.166193155432926432e+01
5.192038485757275623e+01
5.172461295491953592e+01
5.166862906910892406e+01
5.162384196046043883e+01
5.163832909169767049e+01
5.170023561484347141e+01
5.164912719704807387e+01
5.180950773543583665e+01
5.163591125720999742e+01
5.189956861987734271e+01
5.185891041923119360e+01
5.177606704055825304e+01
5.186074279208796156e+01
5.182784975699968300e+01
5.185185214708508283e+01
5.197168769546544098e+01
5.216818977048169614e+01
5.212412415787069619e+01
5.198823803146985512e+01
5.203047958481724322e+01
5.201395600933913244e+01
5.205105396711266508e+01
5.182914824255146158e+01
5.205415820815051120e+01
5.208321572616176809e+01
5.205614492241475233e+01
5.208480509757315957e+01
5.185614914691985433e+01
5.177385802270917736e+01
5.185897557780869960e+01
5.177611916742025500e+01
5.170983403910950216e+01
5.165680593646089847e+01
5.166470027249803820e+01
5.187228301395175833e+01
5.168613148002273761e+01
5.188942797997151501e+01
5.185079790730652860e+01
5.187021066733056074e+01
5.173479042088179369e+01
5.182772149634678982e+01
5.190206635671879098e+01
5.186090860870434938e+01
5.192861604660483721e+01
5.183183154245716651e+01
5.175440393913903137e+01
5.169246185648452041e+01
5.169322500851693292e+01
5.164351871198684307e+01
5.180502094738685059e+01
5.178327228123879422e+01
5.176587334832035481e+01
5.190290465645365714e+01
5.176094561218027224e+01
5.179832883122955423e+01
5.172760177015693728e+01
5.167102012129884514e+01
5.177670525668042956e+01
5.181093654682968008e+01
5.183832157894907766e+01
5.201118005911258990e+01
5.199851638877540694e+01
5.203870227066168042e+01
5.202053415801468361e+01
5.190536603158504647e+01
5.161196425781732700e+01
5.142755965695916842e+01
5.158193688520869102e+01
5.165512184965228926e+01
5.176398663936318911e+01
5.180076165297588631e+01
5.177986484571002279e+01
5.196441467252134316e+01
5.191078726134639254e+01
5.206915260503043896e+01
5.199457760735366918e+01
5.188460079105622924e+01
5.199788661064236095e+01
5.208851526631126205e+01
5.185911728191033632e+01
5.197749980332564235e+01
5.187093854783380920e+01
5.178568954344034125e+01
5.161685670361359968e+01
5.188432497700022594e+01
5.214861641386554680e+01
5.241036638151382476e+01
5.226754862854037498e+01
5.250551215325368304e+01
5.224303160962029580e+01
5.218399762918157592e+01
5.218708726298661560e+01
5.193797487925061773e+01
5.183931860857379093e+01
5.191134404650038903e+01
5.191864757868565050e+01
5.207544085890184249e+01
5.220087548307479608e+01
5.220058954610119173e+01
5.250226170545828808e+01
5.229074806953993004e+01
5.217185397896125920e+01
5.227800597912233371e+01
5.211134348847116371e+01
5.202833031410624898e+01
5.201223659277033562e+01
5.204967843385762194e+01
5.197899827041541698e+01
5.227467186675372091e+01
5.215899301673229616e+01
5.221740039118321164e+01
5.206285901811986605e+01
5.209017637413725055e+01
5.211203025895115815e+01
5.223014700311425429e+01
5.217368994397673987e+01
5.232979156929073383e+01
5.230372241507394193e+01
5.218223345538847013e+01
5.218567592395213239e+01
5.198716262617905670e+01
5.207993607874062292e+01
5.215415484078987163e+01
5.216321303227325501e+01
5.232141003992794737e+01
5.229701719158371276e+01
5.242845336737631357e+01
5.258391912616641406e+01
5.255734127873050454e+01
5.248576218262576276e+01
5.262976617836597626e+01
5.259401892049015714e+01
5.271637156865749319e+01
5.256266959641133241e+01
5.243970801861440378e+01
5.259292284715688481e+01
5.236327698289880317e+01
5.217956029149233643e+01
5.218353739283522685e+01
5.208608543759749665e+01
5.215907432787537346e+01
5.206651498562961677e+01
5.214341796630107240e+01
5.220494035083823547e+01
5.240510871293595585e+01
5.221302567552206142e+01
5.226062651821502669e+01
5.219807355605735921e+01
5.224866482264326351e+01
5.223882101775596709e+01
5.218062915569011295e+01
5.198312521156943689e+01
5.202638932889690437e+01
5.216163425907085127e+01
5.216919656689803730e+01
5.222556323131580314e+01
5.211970610838196194e+01
5.228660450081491717e+01
5.211822230582522764e+01
5.213446700430154124e+01
5.214746276308258643e+01
5.215785937010742401e+01
5.211585983757127849e+01
5.218289384785440177e+01
5.223652105608089613e+01
5.253100691344204876e+01
5.246469469039499245e+01
5.226069445748929354e+01
5.214781108932075426e+01
5.215813803109796254e+01
5.236766685714373182e+01
5.243465628166831038e+01
5.223666373050794220e+01
5.243048741667171697e+01
5.228364545666669017e+01
5.236743916128667564e+01
5.218289003420263583e+01
5.203525073253540256e+01
5.206808974566968118e+01
5.184277686539707020e+01
5.196442747011503371e+01
5.201143113573338184e+01
5.199871725007204049e+01
5.203886295969898867e+01
5.186971225477653746e+01
5.168407487268255807e+01
5.183746587594342259e+01
5.185954504224007167e+01
5.202815882974537942e+01
5.206241622343765840e+01
5.198918850207944331e+01
5.193060632499287266e+01
5.193405740147963456e+01
5.198713508082506252e+01
5.192896358798936518e+01
5.173147593925281740e+01
5.182506991104361305e+01
5.169867781585223554e+01
5.149693050338709810e+01
5.148648310788297522e+01
5.172970928225970511e+01
5.182365658544912179e+01
5.184849760984463529e+01
5.191868724751706310e+01
5.207547259396697825e+01
5.204995041665891620e+01
5.213016631112451194e+01
5.214402220854096726e+01
5.210479010831811308e+01
5.237530533707587210e+01
5.228981661114603696e+01
5.232205926671420571e+01
5.204595248223269266e+01
5.207665114542751184e+01
5.195025962151530763e+01
5.215104731132159088e+01
5.195945973607462065e+01
5.190682331218901169e+01
5.196534780939256848e+01
5.191153377084336995e+01
5.196911617631604940e+01
5.206549891885021708e+01
5.224323874918951560e+01
5.213384652268092623e+01
5.224760001409806875e+01
5.228828598907583114e+01
5.216988431458997866e+01
5.217579661131333779e+01
5.233147690316001643e+01
5.225475386401335243e+01
5.209274179638397584e+01
5.201344896043649868e+01
5.179906423721052988e+01
5.167787327678577469e+01
5.168155414475793918e+01
5.188576611175967912e+01
5.194850204904909674e+01
5.199869079888063084e+01
5.193820816243382410e+01
5.219172296221242391e+01
5.219326752941129399e+01
5.224482000132640991e+01
5.208479470623442609e+01
5.230899219725290550e+01
5.243803337191167202e+01
5.239031585717069106e+01
5.220119139090984817e+01
5.215052545421321639e+01
5.221062634116795209e+01
5.220839023257571654e+01
5.225691816385794652e+01
5.214479005441567239e+01
5.215572120317389704e+01
5.231541657664845957e+01
5.239285605727209116e+01
5.225354036914698952e+01
5.239367190942693497e+01
5.255609395980691545e+01
5.273634841826691400e+01
5.242770062163087630e+01
5.223109920247799920e+01
5.232540215793572713e+01
5.230021088598994083e+01
5.243100832290129887e+01
5.258596309058640372e+01
5.260929326842244791e+01
5.257764059253533162e+01
5.230073436104561324e+01
5.238111028478981268e+01
5.244541102378517650e+01
5.229558434235745779e+01
5.227635663352732109e+01
5.221065764830719047e+01
5.256063300537910266e+01
5.268966283656864391e+01
5.244066897442821329e+01
5.264400842996395369e+01
5.245446226730047812e+01
5.225250851901368065e+01
5.214126233854025827e+01
5.215289903047356290e+01
5.216220838402020377e+01
5.201870541238945833e+01
5.230643758033295398e+01
5.213408876943965709e+01
5.219747699334909896e+01
5.239913802694464096e+01
5.245983321750903627e+01
5.225680527918052576e+01
5.229565020114179674e+01
5.227640932055479084e+01
5.221069979792916627e+01
5.205749854351662975e+01
5.233747208523468686e+01
5.210859955520509601e+01
5.207645198564941325e+01
5.189978347553687854e+01
5.175844866744684936e+01
5.179633127544281734e+01
5.192727099815162717e+01
5.203202277631867645e+01
5.211582419885231587e+01
5.218286533687923168e+01
5.208554779283269909e+01
5.195737693943945601e+01
5.185484025672486297e+01
5.187344454686522965e+01
5.178769434266548188e+01
5.171909417930568509e+01
5.191579813939787158e+01
5.182157721669159400e+01
5.199778456930660298e+01
5.178653272430661048e+01
5.171816488461858796e+01
5.171378743102418696e+01
5.176060228630468885e+01
5.189868780684112437e+01
5.200915622327027421e+01
5.214784777456954146e+01
5.195690010667298253e+01
5.190477560866770546e+01
5.216497691919953184e+01
5.207123705868894348e+01
5.199624517028047421e+01
5.198656847770971723e+01
5.197882712365311164e+01
5.177136676778381741e+01
5.185698257386840737e+01
5.202610885504805083e+01
5.190982578921173740e+01
5.191743297285472636e+01
5.202415235608116006e+01
5.190826059003822479e+01
5.196649763167193470e+01
5.196277044682288704e+01
5.211073915341163598e+01
5.212848048237066223e+01
5.199172309106982937e+01
5.203326763249722120e+01
5.191555281117107512e+01
5.192201459042219369e+01
5.207813446829108273e+01
5.200176309796218277e+01
5.209161645616712377e+01
5.196223187010699718e+01
5.221094192835096237e+01
5.215832588416610349e+01
5.211623304881821639e+01
5.213287559869593224e+01
5.219650645675412193e+01
5.244867841582468060e+01
5.234851507414508376e+01
5.257028530973745006e+01
5.254643422558733334e+01
5.237640290379918184e+01
5.224037784636865922e+01
5.223219143673628651e+01
5.227595912718640392e+01
5.221033964323446241e+01
5.205721041976086383e+01
5.193470704098199064e+01
5.198765479242695164e+01
5.208032981173893461e+01
5.210415300903250113e+01
5.222384520317932299e+01
5.216864850402879483e+01
5.207417432655235245e+01
5.209922862088323825e+01
5.211927205634794547e+01
5.228625725918769973e+01
5.221857814883549764e+01
5.216443486055373313e+01
5.227207068439631144e+01
5.225754570715840686e+01
5.229624254352410162e+01
5.237751683077260623e+01
5.229158580610342000e+01
5.227315780452408944e+01
5.235904903957259648e+01
5.232712839129943205e+01
5.235190869083692178e+01
5.237173293046691214e+01
5.223664186770284346e+01
5.232983629011560112e+01
5.235407500988985419e+01
5.232314916755323964e+01
5.229840849368395084e+01
5.253020004536854515e+01
5.271563328671621917e+01
5.256207897085830894e+01
5.259018597263997208e+01
5.276362202853336214e+01
5.255015314615600630e+01
5.258064531287813281e+01
5.255472222809988381e+01
5.268493421474526883e+01
5.268847016774954284e+01
5.264098211199701183e+01
5.280425894001899678e+01
5.273361312981257498e+01
5.272741329980338776e+01
5.272245343579603372e+01
5.276880236274617175e+01
5.280588150430628502e+01
5.288586163571039123e+01
5.305047937714564910e+01
5.288027266135787841e+01
5.289505774319565035e+01
5.290688580866586221e+01
5.281571462473006306e+01
5.259182722311336988e+01
5.251335093813204935e+01
5.260152036461498426e+01
5.262173908764530950e+01
5.253728042975760104e+01
5.241939668529141727e+01
5.222445605340642771e+01
5.221945400236649704e+01
5.226576917969057234e+01
5.265503904864183227e+01
5.256392039855482068e+01
5.274260956926524102e+01
5.268429363320957037e+01
5.253700724805299416e+01
5.241917813992773034e+01
5.237523167158354198e+01
5.244070813322015567e+01
5.244277248437349925e+01
5.254505760160814276e+01
5.247593524092786765e+01
5.226968689791559086e+01
5.215500504166178786e+01
5.216389319297078941e+01
5.237227098664199332e+01
5.228738913079892825e+01
5.247106773690450865e+01
5.241674334916496036e+01
5.237328383897332174e+01
5.218756577635195271e+01
5.213962496256689860e+01
5.245349003863085358e+01
5.240268119054604057e+01
5.236203411207819158e+01
5.227919963114788970e+01
5.251483295533969908e+01
5.250207234206913398e+01
5.234091339698462519e+01
5.246357033169704209e+01
5.241074542499899280e+01
5.221753504517248956e+01
5.196233310499931690e+01
5.206007246179682824e+01
5.198731349276678060e+01
5.197942313569875949e+01
5.202342766820036246e+01
5.210894811235766610e+01
5.212704764952749059e+01
5.219184409741937003e+01
5.244494852835688192e+01
5.244616480048288309e+01
5.239682100002766418e+01
5.220639550519543093e+01
5.225532238195371804e+01
5.229446388336035056e+01
5.232577708448565801e+01
5.235082764538590538e+01
5.237086809410610044e+01
5.228626681677021537e+01
5.236953624936949581e+01
5.253678543176096127e+01
5.251963432320614800e+01
5.260654707267426033e+01
5.262576045409273462e+01
5.254049752291554398e+01
5.267355445059779839e+01
5.247809908380755672e+01
5.257331888115538732e+01
5.234759381009760659e+01
5.226764738956342171e+01
5.220369025313607381e+01
5.230347499846218540e+01
5.248393643103511153e+01
5.232640466815740865e+01
5.230101289416728605e+01
5.223038265681916670e+01
5.227451210325271092e+01
5.225949884224352360e+01
5.209653777896811278e+01
5.241902029175182065e+01
5.237510539304281565e+01
5.274250801932362265e+01
5.268421239325627425e+01
5.263757589240239554e+01
5.260026669171929115e+01
5.257041933117280763e+01
5.254654144273562366e+01
5.267838958645386072e+01
5.258260082880444486e+01
5.265692027715289925e+01
5.266605901767564291e+01
5.267337001009384068e+01
5.277985244034043433e+01
5.256313747560166405e+01
5.254071595827871022e+01
5.232151147179626349e+01
5.214614788261030753e+01
5.210649064757357962e+01
5.217539849585624268e+01
5.238147522895035735e+01
5.239538616095766344e+01
5.240651490656350830e+01
5.231478426673614024e+01
5.249298384565427966e+01
5.263554350878878552e+01
5.259864078482840455e+01
5.261943542381604999e+01
5.268638795316218193e+01
5.284058361295112860e+01
5.256140559553419678e+01
5.269028090869272063e+01
5.259211388659553421e+01
5.251358026891778508e+01
5.265202064739959553e+01
5.261182249571704972e+01
5.268029761068298455e+01
5.258412724818774109e+01
5.245687414003553073e+01
5.255633892613776936e+01
5.263591075501955885e+01
5.239766730918894666e+01
5.235802300699251077e+01
5.222567392892332805e+01
5.222042830278002157e+01
5.206528134739731684e+01
5.194116378309114879e+01
5.224440427689430066e+01
5.228572939931281383e+01
5.231878949724762862e+01
5.204333666665942815e+01
5.212487531112491723e+01
5.213978940854129007e+01
5.220203750463041104e+01
5.205056870887762699e+01
5.208034412674345504e+01
5.205384764288010047e+01
5.208296727394543524e+01
5.200562934248566194e+01
5.174249172469383495e+01
5.213578344833240408e+01
5.219883273646330224e+01
5.224927216696801935e+01
5.213867325690372923e+01
5.205019412885229713e+01
5.192909400825513444e+01
5.188253072993342130e+01
5.199623056174411317e+01
5.208719042719266668e+01
5.231090877401949513e+01
5.223829936070093538e+01
5.228084546635812302e+01
5.221424871457183770e+01
5.206033767683076974e+01
5.198752566479393522e+01
5.192927605516446476e+01
5.188267636746088840e+01
5.174476298098606009e+01
5.173506590811816608e+01
5.157635779535586096e+01
5.155002494145798408e+01
5.157927547649570243e+01
5.185425999530590957e+01
5.197361397404210237e+01
5.201878033887503960e+01
5.185364615811737821e+01
5.192280608613526027e+01
5.197813402854956166e+01
5.197207956432498577e+01
5.201755281110134632e+01
5.190298095405437095e+01
5.191195710472883462e+01
5.191913802526840271e+01
5.212615003432406979e+01
5.198985873263255542e+01
5.203177614574740062e+01
5.206531007623927820e+01
5.204182040247675900e+01
5.202302866346674648e+01
5.210862890857077190e+01
5.202615865018593411e+01
5.206081607979010073e+01
5.239044293240941386e+01
5.235224350556888595e+01
5.252295123672047339e+01
5.250856696717375627e+01
5.269832682416038949e+01
5.254823380081364803e+01
5.262942665476026605e+01
5.259374730160558897e+01
5.266583745539381312e+01
5.267319276026837827e+01
5.242749291338800077e+01
5.228124985403971436e+01
5.221457222471710935e+01
5.251344784835102075e+01
5.229969698385411192e+01
5.227964674672464440e+01
5.216297292070903069e+01
5.232121795067656933e+01
5.234718033833863160e+01
5.231763343031226299e+01
5.229399590389116526e+01
5.242603633722227841e+01
5.228008459310714073e+01
5.221364001597105187e+01
5.236175162688618911e+01
5.242992409746227622e+01
5.243414525576719853e+01
5.238720536425511654e+01
5.260123754182547628e+01
5.242024555678969477e+01
5.257735287769712329e+01
5.235082100733099253e+01
5.247149641997413738e+01
5.236676947746464350e+01
5.238362155976908952e+01
5.249773686192461497e+01
5.253871228549301975e+01
5.272244307881580028e+01
5.281911089531800485e+01
5.269517787589575875e+01
5.259603146035796328e+01
5.256703114608374960e+01
5.249351407650835455e+01
5.243470042084803850e+01
5.208574858738374047e+01
5.215880484770436709e+01
5.226756667411682145e+01
5.250552658971484021e+01
5.244431043141322846e+01
5.269723841370791462e+01
5.269831352691965520e+01
5.285012407195711148e+01
5.266967159905102847e+01
5.242467598441412235e+01
5.237962994717265275e+01
5.234359311737947706e+01
5.216381319907687697e+01
5.207030608259081816e+01
5.214645084387002782e+01
5.210673301658135870e+01
5.237685966368647428e+01
5.234137689059053855e+01
5.236330749026980413e+01
5.222990151554515847e+01
5.212317673576544053e+01
5.208811373009768886e+01
5.226133059818749871e+01
5.204768636556734407e+01
5.207803825209523296e+01
5.190105248869353716e+01
5.191041433244016901e+01
5.191790380743746880e+01
5.192389538743530863e+01
5.192868865143358192e+01
5.213379053525621032e+01
5.209660476969030185e+01
5.206685615723758076e+01
5.234495817621144909e+01
5.236617251876653256e+01
5.233282717465458234e+01
5.220551726305298246e+01
5.220430297008374509e+01
5.230396517202031959e+01
5.233337811541363038e+01
5.235690847012828186e+01
5.252668320836799154e+01
5.246123572633575094e+01
5.266046183148998239e+01
5.266889226114530942e+01
5.282658705933763343e+01
5.255020835264340207e+01
5.237942220544403682e+01
5.239374374215260843e+01
5.235488415336344303e+01
5.237411330048813340e+01
5.233917980003186443e+01
5.236154981782286910e+01
5.237944583205567284e+01
5.229312900712987755e+01
5.212344191087719736e+01
5.218895950649913118e+01
5.224137358299667966e+01
5.223298802603869717e+01
5.222627958047231544e+01
5.206996236955114910e+01
5.189459178265826722e+01
5.205619622207994013e+01
5.198421250099326585e+01
5.187630870596790800e+01
5.194093612441568553e+01
5.209327169548587477e+01
5.216482333418607453e+01
5.202079737252215352e+01
5.205652705765908195e+01
5.228637807839263019e+01
5.236962525866742624e+01
5.238590618473131855e+01
5.214734683480240562e+01
5.215776662748328363e+01
5.231705291609597452e+01
5.234384831067415433e+01
5.246591826264867109e+01
5.231199013344825488e+01
5.223916444824394034e+01
5.223122071823650714e+01
5.222486573423056200e+01
5.221978174702580588e+01
5.246729864804203203e+01
5.241372807807498191e+01
5.247150525841330904e+01
5.251772700268396932e+01
5.245407076178852890e+01
5.245346258722820210e+01
5.250329286573588661e+01
5.249284027038608258e+01
5.248447819410624504e+01
5.237715489677033531e+01
5.274414762230563980e+01
5.258489043932984686e+01
5.250780151110523519e+01
5.254676400483751308e+01
5.257793399982333682e+01
5.260286999581199296e+01
5.272345242891496042e+01
5.266896792092934731e+01
5.277633076900884390e+01
5.291253786562845818e+01
5.276991945214412283e+01
5.255519108504461201e+01
5.278594293661302572e+01
5.276927714524374835e+01
5.260499405768033654e+01
5.252388440578562268e+01
5.260994713873784434e+01
5.242721323431959490e+01
5.268356065603300920e+01
5.258673768446776364e+01
5.255959612537158421e+01
5.248756605993862223e+01
5.253057564390422129e+01
5.231339922029667378e+01
5.229060853587869673e+01
5.227237598834431509e+01
5.200620585953677733e+01
5.199453702911475972e+01
5.208583560108918675e+01
5.220919127682467575e+01
5.205629172663303450e+01
