3.821137035083786770e+01
3.844282771435548796e+01
3.852735996885754588e+01
3.859498577245919648e+01
3.859876959718456391e+01
3.855147983880883800e+01
3.861428166842022591e+01
3.831230540501734083e+01
3.857389257585508346e+01
3.868252867621323787e+01
3.876943755649976708e+01
3.878864784257297060e+01
3.875369925327558462e+01
3.857478992736961487e+01
3.868324655742486584e+01
3.836747731622105562e+01
3.856771328666204113e+01
3.877821888117084370e+01
3.869503926599786325e+01
3.882976284648349008e+01
3.898785852902800286e+01
3.936591916584357875e+01
3.941678358451608233e+01
3.955810875576604957e+01
3.952021843829803061e+01
3.933895572985562694e+01
3.944552965388166399e+01
3.932952152047848671e+01
3.938766546822400016e+01
3.953481426273238242e+01
3.970285011649511375e+01
3.978696198134927897e+01
3.990456829138862815e+01
3.979738606679609347e+01
3.986259074159005422e+01
3.991475448142522708e+01
3.995648547329336964e+01
4.004018708494389500e+01
4.010714837426431956e+01
4.011040058756464077e+01
4.011300235820489490e+01
4.026603422918508812e+01
4.043877654412526113e+01
4.037570312345339119e+01
4.042587802322793777e+01
4.056665157935954369e+01
4.032705269717283159e+01
4.043727450035943605e+01
4.052545194290872388e+01
4.069662753326019100e+01
4.063230073291735778e+01
4.083242338342311939e+01
4.094220468567170457e+01
4.077844563669054878e+01
4.084870567012963249e+01
4.065332960610086843e+01
4.049702875487786002e+01
4.072420580099151977e+01
4.065436334710241795e+01
4.079975665661514483e+01
4.096638812238134619e+01
4.099905965868227042e+01
4.122646416034701389e+01
4.135807094352279023e+01
4.136272273375144692e+01
4.146707780224633666e+01
4.150024503888629823e+01
4.137582837373020794e+01
4.137692867791737683e+01
4.127717528495507082e+01
4.134832302505328983e+01
4.135492439897584660e+01
4.146083913442586066e+01
4.164620455909791019e+01
4.174418008067952712e+01
4.182256049794482067e+01
4.208653210438106385e+01
4.204612529875003446e+01
4.226538394502523488e+01
4.228984040757740814e+01
4.235972239577516518e+01
4.241562798633336939e+01
4.261130291324792552e+01
4.251625876399953796e+01
4.249054026275685203e+01
4.246996546176270471e+01
4.245350562096738400e+01
4.269192183911115279e+01
4.273170435915817933e+01
4.286416401150777489e+01
4.291981491523142722e+01
4.301465245636637036e+01
4.329178976189833605e+01
4.331223233369989600e+01
4.317763593667315547e+01
4.337185972798774003e+01
4.327565467025944912e+01
4.339995789670082615e+01
4.329813320522992370e+01
4.331730708836516897e+01
4.338296301302938218e+01
4.343548775276075702e+01
4.362845799901383970e+01
4.368220055970434146e+01
4.377551142641269166e+01
4.385016011977936756e+01
4.360797816553673556e+01
4.341423260214262569e+01
4.351082024220736599e+01
4.353777353610313838e+01
4.360965298937578183e+01
4.376779018830585954e+01
4.389429994744992314e+01
4.414645820923316677e+01
4.414691754603575191e+01
4.399633456100983153e+01
4.422808590008109064e+01
4.411158606240211810e+01
4.426997028303897252e+01
4.404445993245638391e+01
4.406531892461432420e+01
4.393105566387269079e+01
4.387396187343539822e+01
4.407987093186559235e+01
4.409364772414168954e+01
4.440657006689861674e+01
4.450595748663617002e+01
4.448483378611417294e+01
4.446793482569657385e+01
4.460536611183048450e+01
4.481594477704965129e+01
4.493409089106896914e+01
4.482734050966040940e+01
4.494320747715757136e+01
4.523716832377930785e+01
4.517043609214072575e+01
4.541895121576583705e+01
4.536617922388589363e+01
4.532396163038193748e+01
4.554177164635880359e+01
4.551475238651628530e+01
4.524155288786224816e+01
4.527457737971904095e+01
4.550226424582848495e+01
4.568441373871603872e+01
4.572949969671411452e+01
4.571525164495655957e+01
4.560321956723847592e+01
4.576517799584403434e+01
4.569347746610447558e+01
4.553548340600085709e+01
4.571098906685394070e+01
4.575075995922443894e+01
4.598384394574484446e+01
4.591872704418113926e+01
4.586663352293017937e+01
4.597590916039739994e+01
4.596269603405920634e+01
4.600244235114460167e+01
4.598392258665696630e+01
4.606974041137882381e+01
4.633966194378032100e+01
4.630401507892148771e+01
4.632581440519044236e+01
4.639357068436162734e+01
4.659872616216656382e+01
4.671253372625456279e+01
4.665262932305690668e+01
4.675565625496683708e+01
4.653617689155873194e+01
4.656186067345625901e+01
4.673335815344226774e+01
4.682023931927512450e+01
4.678911061562937590e+01
4.701579174349280521e+01
4.699586937315953605e+01
4.713088193136091064e+01
4.698730788714198070e+01
4.687244865176683817e+01
4.678056126346672272e+01
4.665673453467061194e+01
4.680925724241375008e+01
4.703190904492030455e+01
4.710939685061350701e+01
4.712107027701211592e+01
4.718072583628695327e+01
4.732908392001886710e+01
4.744777038700439675e+01
4.724081865165677385e+01
4.752810862678271064e+01
4.730508924347942212e+01
4.737825782761682092e+01
4.733615905861476847e+01
4.740311367972509515e+01
4.755731101292539620e+01
4.758003524317359734e+01
4.734663053659213006e+01
4.756244131657497576e+01
4.778540675871727217e+01
4.786314547611913639e+01
4.792533645004063203e+01
4.787445559286578600e+01
4.793438454343795030e+01
4.803264452205163337e+01
4.785966841416261985e+01
4.772128752785140904e+01
4.796280054589443864e+01
4.790442686954883555e+01
4.800867838294033874e+01
4.784049550287358699e+01
4.790721647144419393e+01
4.796059324630067522e+01
4.785234421171779928e+01
4.786637862036354107e+01
4.787760614728013309e+01
4.798722180512537960e+01
4.817554796771361225e+01
4.822557526147215867e+01
4.841654755094705820e+01
4.816679083727895971e+01
4.791666864818846250e+01
4.786752135138404896e+01
4.787852033209654223e+01
4.808858678929054520e+01
4.820632313688972914e+01
4.845146266943706337e+01
4.864757429547493217e+01
4.860319632368121745e+01
4.897022849149426094e+01
4.866005240787266928e+01
4.861317881359940429e+01
4.872663039264885754e+01
4.886770847404436324e+01
4.887993730284880201e+01
4.883940354773633175e+01
4.900824381627036530e+01
4.919363284925361057e+01
4.893940953039219011e+01
4.898761496608308619e+01
4.902617931463579737e+01
4.900671397532195073e+01
4.889050806755883372e+01
4.899881061397234561e+01
4.908545265110315370e+01
4.880254855371580902e+01
4.872717573027392035e+01
4.866687747152040799e+01
4.866895568267361938e+01
4.877125188790822818e+01
4.875245521578387553e+01
4.878773469624041326e+01
4.896690873507363051e+01
4.905993114798418731e+01
4.908403226015668253e+01
4.905299633173865459e+01
4.912880122531620231e+01
4.918944514017824332e+01
4.918764345391192450e+01
4.923651892305481681e+01
4.917498566205716770e+01
4.922639268957101422e+01
4.916688467527012563e+01
4.911927826382941475e+01
4.898055949836480494e+01
4.907085175861712401e+01
4.914308556681898210e+01
4.915055579522451978e+01
4.910621515979292440e+01
4.922169310591564084e+01
4.916312500834582266e+01
4.926722098475795519e+01
4.919954731141967841e+01
4.944730928168502970e+01
4.924298431264929832e+01
4.928079161004471587e+01
4.916008699349306710e+01
4.901320648209572539e+01
4.884538525482190607e+01
4.871112827300284920e+01
4.890562359648357926e+01
4.906121985526816331e+01
4.888379595335985073e+01
4.889280728630119199e+01
4.900064998896623081e+01
4.908692415109826612e+01
4.920626029895991138e+01
4.920109558093726321e+01
4.934791426098713174e+01
4.916346829609097568e+01
4.921717879679805918e+01
4.915951356105176018e+01
4.911338137245471813e+01
4.892552516710910027e+01
4.887587383914457462e+01
4.898710323124093691e+01
4.887481947229402124e+01
4.858372519251248178e+01
4.835084976868724738e+01
4.856708397487507511e+01
4.863943770351337292e+01
4.879795432273597555e+01
4.892476761811406050e+01
4.872431734548055005e+01
4.886585803630971725e+01
4.897909058897305101e+01
4.911999344925973787e+01
4.883018119224107068e+01
4.895054911371813944e+01
4.879525936011983589e+01
4.892261164802114592e+01
4.877290938756223682e+01
4.890473166997507093e+01
4.885923904143734831e+01
4.897379539307515728e+01
4.896480683807343581e+01
4.885698235776001752e+01
4.887135640982132401e+01
4.908412292409438038e+01
4.925433613551282264e+01
4.893765534124354133e+01
4.883526116029610620e+01
4.865271217922618519e+01
4.870794026699425672e+01
4.870180591905269551e+01
4.864658162254342955e+01
4.880366945796002653e+01
4.918092381707332805e+01
4.892924230464796409e+01
4.923106527626765683e+01
4.927125638093940552e+01
4.895119153758480479e+01
4.894672375368115524e+01
4.904378316287020567e+01
4.912143069022144459e+01
4.893196462132247859e+01
4.888102540251527728e+01
4.894090766378155166e+01
4.903913029095052423e+01
4.886612430190574230e+01
4.918057087407387939e+01
4.902959358656037381e+01
4.911007902917357626e+01
4.892288329248418677e+01
4.892407715760066367e+01
4.887471543153782250e+01
4.908681014146758059e+01
4.905521863678737304e+01
4.913057906935517849e+01
4.929150105172146112e+01
4.901770409236647197e+01
4.910056743381845479e+01
4.891527401620008675e+01
4.901862337288535088e+01
4.895035240376557084e+01
4.894605244662577093e+01
4.909356293538191807e+01
4.921157132638683152e+01
4.900407713025478529e+01
4.908966586412910971e+01
4.900718639676058075e+01
4.889088600470973489e+01
4.884816250922507663e+01
4.886430053099337556e+01
4.892752776656403313e+01
4.887747591870851949e+01
4.878711762226808446e+01
4.881546462142777898e+01
4.903940949337954436e+01
4.891666448200490436e+01
4.907005256368522339e+01
4.899149575640547027e+01
4.907960076504965485e+01
4.894881749934099702e+01
4.894482452308611187e+01
4.894163014208220375e+01
4.883844100096703755e+01
4.890684014254296130e+01
4.886092581949166203e+01
4.887451117920664245e+01
4.873442901251063830e+01
4.867268009730977951e+01
4.877423141961715203e+01
4.890578929561900168e+01
4.891040196010851560e+01
4.906504254616811522e+01
4.918875501501579350e+01
4.923740817193791486e+01
4.917569706116364614e+01
4.912632817254422690e+01
4.903651624349267024e+01
4.911561715471941625e+01
4.917889788370081305e+01
4.943078973950994026e+01
4.938071913337728347e+01
4.939097946662710825e+01
4.939918773322696666e+01
4.940575434650685338e+01
4.920974036450675726e+01
4.935483008784272840e+01
4.937026823019946420e+01
4.943293556224087126e+01
4.938243579156203111e+01
4.934203597501895899e+01
4.930971612178449703e+01
4.923354342104090620e+01
4.922292207860205338e+01
4.926474182280692560e+01
4.919756398185884905e+01
4.894255443647638515e+01
4.914108134541842787e+01
4.924958605441604220e+01
4.913512254899012532e+01
4.894291810833742318e+01
4.919168910106327530e+01
4.939070589524396127e+01
4.929833523980848042e+01
4.927475553361611560e+01
4.925589176866222374e+01
4.924080075669910883e+01
4.917841112897259848e+01
4.917881624494741288e+01
4.938040761035126991e+01
4.929009661189432734e+01
4.926816463128479029e+01
4.945188631942117041e+01
4.934727957915024632e+01
4.926359418693350989e+01
4.934759632762811066e+01
4.956574849465177834e+01
4.933773568302269297e+01
4.940690952449945428e+01
4.931129814321287341e+01
4.903354176555960464e+01
4.906292075421701782e+01
4.913674076329889573e+01
4.924611358872041933e+01
4.923297821274566388e+01
4.932310354827782817e+01
4.914361972592353567e+01
4.920129994066410717e+01
4.919712729430061415e+01
4.924410599536577138e+01
4.928168895621789858e+01
4.936207214305562019e+01
4.942637869252579463e+01
4.922623984132190600e+01
4.916676239667083337e+01
4.937076453173000345e+01
4.943333260346530267e+01
4.943307024269752503e+01
4.938254353592735413e+01
4.959370626129117454e+01
4.971231962342628208e+01
4.965625985866630288e+01
4.971204568317035921e+01
4.980699116092962697e+01
4.983263072498102275e+01
4.965187510359812961e+01
4.990980515173983179e+01
4.986456509947316817e+01
4.977805623950381175e+01
4.991011642415233496e+01
4.996544775371521041e+01
4.960717827211749409e+01
4.962246359577529375e+01
4.948374140023354784e+01
4.952371409826813675e+01
4.945505862038383782e+01
4.929950060176436466e+01
4.962790555027282124e+01
4.943777814567555140e+01
4.928567622199773268e+01
4.931494513752346620e+01
4.933836026994405444e+01
4.910550828510056931e+01
4.917081078800573835e+01
4.932368642664191327e+01
4.939567011939482910e+01
4.940294025544114476e+01
4.940875636427819728e+01
4.911150834241185947e+01
4.912529401569882026e+01
4.923695619064035611e+01
4.922565229428161615e+01
4.926692599535057582e+01
4.945089541067380168e+01
4.944712048846432140e+01
4.944410055069673859e+01
4.949200141863869362e+01
4.968127256746024045e+01
4.958110539573752362e+01
4.960160529467131596e+01
4.976895566828633832e+01
4.975188551271037340e+01
4.963759575193763141e+01
4.949584712516341511e+01
4.953339867821203057e+01
4.946280628433895288e+01
4.950696600555246363e+01
4.944166014621130500e+01
4.938941545873837669e+01
4.939793652691598425e+01
4.950538701777010431e+01
4.939008013782939344e+01
4.954941872465685293e+01
4.957625595780677941e+01
4.944677528985873494e+01
4.944382439181227085e+01
4.959241412784315628e+01
4.986223637113585028e+01
4.972587643867801432e+01
4.961678849271174130e+01
4.973078540856273122e+01
4.977166612308750615e+01
4.965342024023933476e+01
4.970977398842878614e+01
4.965422335066831039e+01
4.960978284045992837e+01
4.982581452307324810e+01
4.989800623285194092e+01
4.980480914620683563e+01
4.983088511320278968e+01
4.985174588679954866e+01
4.961685041489693049e+01
4.978115176446683421e+01
4.966100875334279863e+01
4.976616161706758135e+01
4.979996708989138199e+01
5.012891237708640091e+01
4.993921724343844915e+01
4.973714431836407357e+01
4.982707006908459846e+01
4.979837703334897725e+01
4.992637305922846735e+01
5.017972033440012325e+01
5.028176451822540827e+01
5.016213259266162794e+01
5.001611023405457956e+01
4.989929234716894513e+01
4.960457076503642782e+01
4.962037759011044358e+01
4.978397350463764326e+01
4.971358296363539608e+01
4.945600325820959142e+01
4.955184040280499147e+01
4.972914375479328442e+01
4.977035280007194729e+01
4.980332003629487758e+01
4.982969382527322466e+01
4.985079285645589664e+01
4.986767208140203422e+01
5.008244273398295832e+01
4.990204152895569933e+01
5.000930465571384786e+01
4.999448152080839947e+01
4.983167255841605225e+01
4.975174220665812186e+01
4.988906519787578731e+01
4.984797313638193117e+01
4.991573312349888170e+01
4.996994111319244780e+01
4.991267386863525957e+01
4.991717689114553025e+01
4.982014567284170425e+01
5.009473842529071419e+01
4.996219490015785425e+01
4.990647689820758615e+01
4.991221931480338725e+01
4.961491233914398435e+01
4.962865084939648597e+01
4.958932483944246883e+01
4.965849766779129482e+01
4.981446956678232141e+01
4.983861344966317830e+01
4.990824537412387940e+01
4.976268364106843478e+01
4.989781834540403338e+01
4.990529247256054646e+01
4.986095495612973849e+01
4.982548494298509212e+01
5.004869302324939895e+01
5.007630903299286018e+01
5.014871865894357938e+01
4.995506226892419477e+01
4.985045397506463871e+01
5.016930188522501055e+01
5.042438021335330234e+01
5.032654196691996162e+01
5.019795455161727205e+01
5.014540143753113455e+01
4.995240849179423748e+01
5.004959822598468122e+01
5.002671637702506757e+01
4.980714362523336547e+01
4.993338633273597793e+01
4.998406368058212479e+01
5.007492237701498539e+01
4.999665887969328537e+01
5.003468171814796506e+01
5.011541680706766044e+01
5.018000487820341959e+01
5.018135851695607386e+01
5.003149097349013630e+01
4.996191375687340752e+01
5.005720243804801584e+01
4.993216611036369557e+01
4.998308750268429890e+01
5.017477507100876721e+01
5.017717467120035479e+01
5.012877753319760643e+01
5.003974300463938363e+01
5.016978265441681373e+01
5.022349755608274080e+01
5.016583584110351524e+01
5.011970646912013194e+01
4.998216933522138561e+01
5.007340690072639688e+01
5.024703058944244560e+01
5.013434544963525497e+01
5.004419733778950530e+01
5.002239566646892399e+01
5.010558796572442475e+01
5.037340907775283938e+01
5.033608187659561395e+01
5.025590329751381091e+01
5.049366134318434263e+01
5.058323414340880220e+01
5.025235783834035175e+01
5.028955770322156837e+01
5.001741668619056469e+01
4.990033750887773323e+01
4.990730780333950634e+01
4.981225040259688797e+01
4.998778857278281862e+01
5.007790229077554045e+01
5.004935962885775069e+01
4.987557504485553039e+01
4.983718101396572564e+01
4.995741624372186607e+01
4.980202033674682127e+01
4.972802042932273991e+01
5.002103823047553988e+01
4.990323474430571338e+01
4.985930877352586776e+01
4.992480163321403097e+01
4.992687910280854169e+01
4.982790744217211198e+01
5.005063102259902053e+01
4.987659215984854910e+01
4.988831152411616188e+01
4.979705337921821240e+01
4.967373004514389834e+01
4.967570501419641715e+01
4.962696817128241378e+01
4.968861233326325078e+01
4.968761084469190337e+01
4.968680965383482118e+01
4.978680233746119654e+01
4.996743012067426548e+01
5.021256598355675749e+01
5.020740740123874701e+01
5.000201326276032887e+01
4.993833158828956442e+01
4.988738624871295002e+01
4.989694679520768261e+01
4.975364477793547735e+01
4.968931998227365909e+01
4.968817696390022576e+01
4.978789618551351737e+01
4.981735474464813507e+01
4.999187204642381488e+01
5.013148588784436299e+01
4.994127605204482023e+01
4.994005863787317878e+01
4.998940152469188547e+01
4.982760856152283679e+01
4.984912464545558919e+01
4.986633751260178826e+01
4.962852371553871933e+01
4.989112404129230072e+01
5.000057066558312613e+01
4.983654387423582932e+01
5.015817380456196162e+01
4.996262638541890055e+01
4.995713890457243878e+01
5.005338255620723942e+01
4.997942702304709428e+01
4.997057941467499376e+01
4.996350132797731192e+01
4.980688840415118079e+01
4.983254851955826581e+01
4.965180933925992690e+01
4.980911890395722708e+01
4.968338246493511434e+01
4.963311013187337295e+01
4.979415953804798534e+01
4.997331588114369794e+01
5.006632413746424959e+01
4.978851301542869123e+01
4.986816502673629259e+01
5.018347072656233365e+01
5.018413119564320368e+01
5.018465957090790397e+01
5.028571590743163000e+01
5.026592734033864218e+01
5.035073012297622341e+01
5.041857234908628982e+01
5.022126203919431475e+01
5.026468106390473878e+01
5.029941628367308226e+01
5.032720445948775279e+01
5.024880136382752482e+01
5.033702934176732668e+01
5.010571081518319403e+01
5.017224008469584362e+01
5.042673077292997164e+01
5.017747196011330857e+01
5.002838172801592975e+01
4.995942636049404229e+01
4.990426206647653373e+01
5.021234835835452515e+01
5.010659966476492144e+01
4.997168389173721437e+01
5.011533536409508116e+01
5.002898926935736768e+01
5.016117966619120239e+01
5.026693198365826731e+01
5.050248429209990775e+01
5.048965886622921317e+01
5.047939852553265894e+01
5.042087343481946959e+01
5.057532063487292362e+01
5.054792794044762871e+01
5.052601378490739137e+01
5.045816564231925128e+01
5.045420394640468942e+01
5.055166822598508247e+01
5.062963964964939123e+01
5.049074951595683558e+01
5.022868695453480115e+01
5.042157145064518886e+01
5.047524541122145791e+01
5.046786776152645615e+01
5.066323291439446308e+01
5.071889140037689714e+01
5.061246773469486016e+01
5.052732880214922773e+01
5.055985129242468901e+01
5.048523564833308797e+01
5.052617676937178004e+01
5.040797921173474094e+01
5.031342116562511535e+01
5.028809154689343330e+01
5.031814467006403646e+01
5.044282080491255726e+01
5.029097762201134714e+01
5.052172080278237587e+01
5.065599852924324864e+01
5.061247025594389015e+01
5.067828127361644164e+01
5.063029645144244029e+01
5.044095813923524929e+01
5.039012112578154046e+01
5.065135242395454895e+01
5.060875337171292898e+01
5.067530776623166844e+01
5.062791764553462315e+01
5.079127282160099810e+01
5.072068968983008830e+01
5.086549045703736738e+01
5.093101425264724469e+01
5.108406692544711092e+01
5.090460815475103118e+01
5.076104113819416597e+01
5.084745479757268072e+01
5.091658572507549252e+01
5.066998955814169392e+01
5.082493035168665330e+01
5.074761571389861103e+01
5.088703127629218415e+01
5.104888054436306533e+01
5.087645904988379186e+01
5.073852185430037309e+01
5.067848891598958971e+01
5.052982892902899437e+01
5.051153457577248673e+01
5.034594863869929071e+01
5.031411352535277359e+01
5.043959588914354697e+01
5.043934814386412313e+01
5.048946676579660675e+01
5.073082893596659915e+01
5.042075049054260916e+01
5.062553909760738691e+01
5.068873634694723762e+01
5.073929414641911961e+01
5.083005720415264506e+01
5.075171719587140728e+01
5.068904518924641422e+01
5.073954122025845948e+01
5.072962122691207298e+01
5.072168523223496805e+01
5.066501961833726142e+01
5.056937030906314590e+01
5.064380131611184765e+01
5.070334612175080480e+01
5.080129878441799463e+01
5.057776000561569418e+01
5.060019625519786501e+01
5.056782843670757899e+01
5.064256781822739129e+01
5.065204250528721985e+01
5.060930543677906712e+01
5.077638305459655044e+01
5.070877787622652733e+01
5.085596100615451576e+01
5.052085614669294245e+01
5.070562362252765354e+01
5.075280396688344808e+01
5.089118187868005805e+01
5.080061693549333768e+01
5.092943225356796688e+01
5.088153405355968317e+01
5.099416594802104186e+01
5.108427146359012738e+01
5.085445496710941882e+01
5.082155222439284614e+01
5.094618048468757365e+01
5.089493263845536575e+01
5.090425117962561785e+01
5.086138919440580253e+01
5.087741642438597012e+01
5.094055502652612688e+01
5.078979863561423969e+01
5.082014397735272127e+01
5.084442025074350369e+01
5.066257399683212270e+01
5.091963153895103744e+01
5.097432711817818074e+01
5.086713312709183299e+01
5.098264520684676171e+01
5.072283714355870643e+01
5.066594114739625354e+01
5.072105798677833377e+01
5.066451782197195541e+01
5.066960250828287116e+01
5.057303662101963937e+01
5.054610072936500131e+01
5.067550247050935042e+01
5.072870704526880559e+01
5.062032025060838691e+01
5.078519490566000627e+01
5.081646099338933453e+01
5.084147386357279430e+01
5.081116734156354653e+01
5.078692212395614547e+01
5.096879322249423439e+01
5.071175555607668883e+01
5.055644224109867224e+01
5.048250840727227740e+01
5.032272770389911898e+01
5.054712086829259476e+01
5.052536812718336279e+01
5.045764911614003267e+01
5.080600845255338527e+01
5.073247819459199803e+01
5.082460444269094779e+01
5.084798862301408917e+01
5.076606233096055831e+01
5.095210538809776324e+01
5.084935574302750183e+01
5.061620557250330421e+01
5.073158634501999131e+01
5.067294050856528287e+01
5.052539020308954321e+01
5.070925086764493273e+01
5.065507212666523174e+01
5.066204595203749506e+01
5.081857546680329563e+01
5.054126453336791513e+01
5.072195033186763169e+01
5.051428124357540383e+01
5.049909642740961147e+01
5.048694857447697615e+01
5.047723029213086932e+01
5.041913884809803648e+01
5.032234887471575036e+01
5.034555053232188726e+01
5.036411185840680105e+01
5.017769364665072374e+01
5.017950953171391859e+01
5.013064542160845605e+01
5.004123731536806474e+01
5.027161173931180116e+01
5.030496082399872648e+01
5.038195690990428943e+01
5.054418741494077949e+01
5.037207091003392634e+01
5.053627861504448759e+01
5.051669432458487563e+01
5.045071007406124153e+01
5.039792267364233425e+01
5.045632638961917849e+01
5.065399981686864095e+01
5.061087128604420116e+01
5.057636846138464648e+01
5.059908301981302259e+01
5.056693784839970363e+01
5.054122171126905272e+01
5.052064880156453341e+01
5.050419047380091797e+01
5.039039017527805697e+01
5.039998357277173113e+01
5.060892556339068449e+01
5.067544551957387711e+01
5.057771103005244129e+01
5.090205798368330647e+01
5.085963463765195058e+01
5.077537914267085029e+01
5.085892520115402959e+01
5.077481159347251349e+01
5.090878797995130611e+01
5.076438499835438733e+01
5.074949624938881954e+01
5.073758525021636245e+01
5.062742281456642957e+01
5.069024332051446891e+01
5.069018290711688479e+01
5.043855048561879073e+01
5.043851182104432240e+01
5.013657998044877218e+01
5.034788587137636284e+01
5.046661376596242121e+01
5.041064562716327657e+01
5.046650475243593093e+01
5.041055841634208434e+01
5.026516771115496596e+01
5.029980560147325974e+01
5.037783273188391320e+01
5.059120489068043014e+01
5.076190261771763801e+01
5.069719352672339596e+01
5.089701034470803620e+01
5.080527970831571594e+01
5.078221201735787815e+01
5.081407468274763062e+01
5.068861436059144410e+01
5.073919655733448053e+01
5.067902867841686998e+01
5.078184482975084535e+01
5.081378093266200580e+01
5.093996345130290138e+01
5.094027582990364778e+01
5.073925846016023655e+01
5.088034547330148882e+01
5.099321508381449064e+01
5.093256031775690218e+01
5.088403650491083141e+01
5.089553427278999465e+01
5.080409885078128696e+01
5.093221778579832915e+01
5.093407929749999141e+01
5.078461805239333415e+01
5.086631632893201527e+01
5.083104131385091762e+01
5.100408857441004784e+01
5.094125911023334652e+01
5.074004508442399697e+01
5.057907386377651449e+01
5.070188097803855953e+01
5.044790894235612910e+01
5.039568176827824431e+01
5.055516730163994055e+01
5.053180527386123799e+01
5.036216519717029172e+01
5.057867086290953296e+01
5.065124175918895588e+01
5.091056574883650399e+01
5.096707448608655255e+01
5.071038056695054053e+01
5.090755997688975043e+01
5.056213532328113303e+01
5.053737969117419482e+01
5.066852563995670522e+01
5.062249194451464973e+01
5.073661544262906631e+01
5.072728060480856271e+01
5.082044637086419669e+01
5.094529580186465267e+01
5.094454171035305023e+01
5.104457207345573977e+01
5.092332909131388163e+01
5.082633470560039513e+01
5.059778874256161885e+01
5.061621924475460332e+01
5.073159728282102776e+01
5.052199880433812496e+01
5.065622093048784791e+01
5.066296499509558515e+01
5.051740979231378503e+01
5.070286653902432761e+01
5.054933102745678042e+01
5.077872034529474377e+01
5.096223179956511018e+01
5.095809050851341482e+01
5.100509429382807980e+01
5.089174686761175082e+01
5.085138574479471174e+01
5.091973048285311876e+01
5.092408945514382168e+01
5.087725981482036275e+01
5.068884564809361137e+01
5.063874795102417892e+01
5.069930342968066839e+01
5.069743099444984580e+01
5.084688350073317054e+01
5.071486141497987887e+01
5.076019420084523404e+01
5.089709406584948681e+01
5.075502986707292763e+01
5.079232896251966878e+01
5.057058414809703351e+01
5.074540602365092212e+01
5.053304579700203902e+01
5.066505852461897774e+01
5.092161916118051579e+01
5.067401630702570969e+01
5.052625084185788751e+01
5.070993937865960532e+01
5.060530611732102102e+01
5.072286678087416334e+01
5.081691531171667719e+01
5.094247095454663565e+01
5.084164819618659692e+01
5.086162362581060847e+01
5.102855442397780195e+01
5.091051497173152995e+01
5.081608340993451378e+01
5.079085497865291643e+01
5.077067223362764281e+01
5.070420921945139980e+01
5.075167244442244652e+01
5.073932620624326262e+01
5.077976603385593535e+01
5.086243471410209338e+01
5.097888647645497429e+01
5.092109743186928483e+01
