2.000000000000001776e-02
2.000000000000001776e-02
2.000000000000001776e-02
2.000000000000001776e-02
2.000000000000001776e-02
2.000000000000001776e-02
2.000000000000001776e-02
2.000000000000001776e-02
2.000000000000001776e-02
2.000000000000001776e-02
2.000000000000001776e-02
2.000000000000001776e-02
2.000000000000001776e-02
2.000000000000001776e-02
2.000000000000001776e-02
2.000000000000001776e-02
2.000000000000001776e-02
2.000000000000001776e-02
2.000000000000001776e-02
2.000000000000001776e-02
2.000000000000001776e-02
2.000000000000001776e-02
2.000000000000001776e-02
2.000000000000001776e-02
2.000000000000001776e-02
2.000000000000001776e-02
2.000000000000001776e-02
2.000000000000001776e-02
2.000000000000001776e-02
2.000000000000001776e-02
2.000000000000001776e-02
2.000000000000001776e-02
2.000000000000001776e-02
2.000000000000001776e-02
2.000000000000001776e-02
2.000000000000001776e-02
2.000000000000001776e-02
2.000000000000001776e-02
2.142967485286373375e-02
2.208011751292815461e-02
2.260047164097889194e-02
5.320684583701762449e-02
8.775530882505222507e-02
7.514062469067805949e-02
8.517560464558737721e-02
1.133303158719085602e-01
6.541053943456631714e-02
8.745490007188716497e-02
1.050903885817446870e-01
1.393255066520380225e-01
1.264601465834713778e-01
1.664846766846237447e-01
1.884409371343407358e-01
1.556891273381095786e-01
1.697411340259264989e-01
1.306659212201735087e-01
9.940575097557191597e-02
1.448411601983039532e-01
1.308726694204835894e-01
1.599513313230289668e-01
1.932776244762690609e-01
1.998119317364539516e-01
2.452928320694027775e-01
2.716141887045580017e-01
2.725445467502893848e-01
2.934155604492671987e-01
3.000490077772595132e-01
2.751656747460415886e-01
2.753857355834752330e-01
2.554350569910139868e-01
2.696646050106579207e-01
2.709848797951692756e-01
2.921678268851719551e-01
3.292409118195820383e-01
3.488360161359054246e-01
3.645120995889641335e-01
4.173064208762127247e-01
4.092250597500068920e-01
4.530767890050468871e-01
4.579680815154816287e-01
4.719444791550329033e-01
4.831255972666737009e-01
5.222605826495849701e-01
5.032517527999074147e-01
4.981080525513703616e-01
4.939930923525408524e-01
4.907011241934766677e-01
5.383843678222304252e-01
5.463408718316358215e-01
5.728328023015549775e-01
5.839629830462853555e-01
6.029304912732740274e-01
6.583579523796672106e-01
6.624464667399792006e-01
6.355271873346310940e-01
6.743719455975478727e-01
6.551309340518898239e-01
6.799915793401651865e-01
6.596266410459845630e-01
6.634614176730337931e-01
6.765926026058763920e-01
6.870975505521512705e-01
7.256915998027677617e-01
7.364401119408681140e-01
7.551022852825381992e-01
7.700320239558733348e-01
7.215956331073469787e-01
6.828465204285250056e-01
7.021640484414730654e-01
7.075547072206276322e-01
7.219305978751562325e-01
7.535580376611719089e-01
7.788599894899845832e-01
8.292916418466333983e-01
8.293835092071504267e-01
7.992669122019662176e-01
8.456171800162179952e-01
8.223172124804236649e-01
8.539940566077943718e-01
8.088919864912766933e-01
8.130637849228647962e-01
7.862111327745380240e-01
7.747923746870795103e-01
8.159741863731184708e-01
8.187295448283378185e-01
8.813140133797232600e-01
9.011914973272339147e-01
8.969667572228345875e-01
8.935869651393146817e-01
9.210732223660968998e-01
9.631889554099302142e-01
9.868181782137936953e-01
9.654681019320818791e-01
9.886414954315141390e-01
1.047433664755861527e+00
1.034087218428145105e+00
1.083790243153167410e+00
1.073235844777178816e+00
1.064792326076387408e+00
1.108354329271760808e+00
1.102950477303257015e+00
1.048310577572449720e+00
1.054915475943808190e+00
1.100452849165697078e+00
1.136882747743207744e+00
1.145899939342822860e+00
1.143050328991311870e+00
1.120643913447695095e+00
1.153035599168806824e+00
1.138695493220895028e+00
1.107096681200171240e+00
1.142197813370787962e+00
1.150151991844887700e+00
1.196768789148968892e+00
1.183745408836227808e+00
1.173326704586035829e+00
1.195181832079479811e+00
1.192539206811841224e+00
1.200488470228920246e+00
1.196784517331393349e+00
1.213948082275764673e+00
1.267932388756064288e+00
1.260803015784297543e+00
1.265162881038088383e+00
1.278714136872325380e+00
1.319745232433312765e+00
1.342506745250912514e+00
1.330525864611381337e+00
1.351131250993367505e+00
1.307235378311746299e+00
1.312372134691251802e+00
1.346671630688453636e+00
1.364047863855024856e+00
1.357822123125875136e+00
1.403158348698561042e+00
1.399173874631907122e+00
1.426176386272182128e+00
1.397461577428396051e+00
1.374489730353367634e+00
1.356112252693344455e+00
1.331346906934122387e+00
1.361851448482749971e+00
1.406381808984060733e+00
1.421879370122701491e+00
1.424214055402423185e+00
1.436145167257390609e+00
1.465816784003773243e+00
1.489554077400879306e+00
1.448163730331354593e+00
1.505621725356542040e+00
1.461017848695884247e+00
1.475651565523364184e+00
1.467231811722953694e+00
1.480622735945019031e+00
1.511462202585079240e+00
1.516007048634719467e+00
1.469326107318425834e+00
1.512488263314995196e+00
1.557081351743454523e+00
1.572629095223827322e+00
1.585067290008126406e+00
1.574891118573157112e+00
1.586876908687590015e+00
1.606528904410326586e+00
1.571933682832523882e+00
1.544257505570281852e+00
1.592560109178887684e+00
1.580885373909767022e+00
1.601735676588067703e+00
1.568099100574717353e+00
1.581443294288838786e+00
1.592118649260135133e+00
1.570468842343559768e+00
1.573275724072708215e+00
1.575521229456026573e+00
1.597444361025075921e+00
1.635109593542722450e+00
1.645115052294431779e+00
1.683309510189411551e+00
1.633358167455791987e+00
1.583333729637692588e+00
1.573504270276809835e+00
1.575704066419308491e+00
1.617717357858108995e+00
1.641264627377945873e+00
1.690292533887412629e+00
1.729514859094986479e+00
1.720639264736243401e+00
1.794045698298852187e+00
1.732010481574533856e+00
1.722635762719880947e+00
1.745326078529771507e+00
1.773541694808872693e+00
1.775987460569760312e+00
1.767880709547266393e+00
1.801648763254072971e+00
1.838726569850722026e+00
1.787881906078438110e+00
1.797522993216617238e+00
1.805235862927159429e+00
1.801342795064390101e+00
1.778101613511766654e+00
1.799762122794469121e+00
1.817090530220630828e+00
1.760509710743161760e+00
1.745435146054784115e+00
1.733375494304081554e+00
1.733791136534723831e+00
1.754250377581645592e+00
1.750491043156775062e+00
1.757546939248082696e+00
1.793381747014726191e+00
1.811986229596837417e+00
1.816806452031336505e+00
1.810599266347730829e+00
1.825760245063240417e+00
1.837889028035648575e+00
1.837528690782384899e+00
1.847303784610963451e+00
1.834997132411433585e+00
1.845278537914202932e+00
1.833376935054025214e+00
1.823855652765882907e+00
1.796111899672961032e+00
1.814170351723424890e+00
1.828617113363796509e+00
1.830111159044903957e+00
1.821243031958584835e+00
1.844338621183128080e+00
1.832625001669164533e+00
1.853444196951591127e+00
1.839909462283935593e+00
1.889461856337006029e+00
1.848596862529859663e+00
1.856158322008943262e+00
1.832017398698613464e+00
1.802641296419145167e+00
1.769077050964381170e+00
1.742225654600569884e+00
1.781124719296715897e+00
1.812243971053632663e+00
1.776759190671970190e+00
1.778561457260238399e+00
1.800129997793246117e+00
1.817384830219653136e+00
1.841252059791982365e+00
1.840219116187452597e+00
1.869582852197426259e+00
1.832693659218195048e+00
1.843435759359611792e+00
1.831902712210351947e+00
1.822676274490943715e+00
1.785105033421820142e+00
1.775174767828914923e+00
1.797420646248187426e+00
1.774963894458804203e+00
1.716745038502496268e+00
1.670169953737449475e+00
1.713416794975014978e+00
1.727887540702674585e+00
1.759590864547195155e+00
1.784953523622812011e+00
1.744863469096110009e+00
1.773171607261943450e+00
1.795818117794610203e+00
1.823998689851947574e+00
1.766036238448214224e+00
1.790109822743627843e+00
1.759051872023967178e+00
1.784522329604229185e+00
1.754581877512447319e+00
1.780946333995014230e+00
1.771847808287469572e+00
1.794759078615031367e+00
1.792961367614687163e+00
1.771396471552003415e+00
1.774271281964264757e+00
1.816824584818875987e+00
1.850867227102564572e+00
1.787531068248708221e+00
1.767052232059221240e+00
1.730542435845237037e+00
1.741588053398851255e+00
1.740361183810539059e+00
1.729316324508685998e+00
1.760733891592005218e+00
1.836184763414665522e+00
1.785848460929592818e+00
1.846213055253531410e+00
1.854251276187881103e+00
1.790238307516961003e+00
1.789344750736231004e+00
1.808756632574041179e+00
1.824286138044288963e+00
1.786392924264495807e+00
1.776205080503055367e+00
1.788181532756310421e+00
1.807826058190104890e+00
1.773224860381148460e+00
1.836114174814775790e+00
1.805918717312074762e+00
1.822015805834715341e+00
1.784576658496837442e+00
1.784815431520132778e+00
1.774943086307564588e+00
1.817362028293516119e+00
1.811043727357474653e+00
1.826115813871035609e+00
1.858300210344292269e+00
1.803540818473294394e+00
1.820113486763691002e+00
1.783054803240017305e+00
1.803724674577070086e+00
1.790070480753114257e+00
1.789210489325154141e+00
1.818712587076383613e+00
1.842314265277366303e+00
1.800815426050957013e+00
1.817933172825821897e+00
1.801437279352116061e+00
1.778177200941946978e+00
1.769632501845015415e+00
1.772860106198675068e+00
1.785505553312806581e+00
1.775495183741703897e+00
1.757423524453616936e+00
1.763092924285555751e+00
1.807881898675908872e+00
1.783332896400980916e+00
1.814010512737044722e+00
1.798299151281093966e+00
1.815920153009930926e+00
1.789763499868199492e+00
1.788964904617222462e+00
1.788326028416440838e+00
1.767688200193407555e+00
1.781368028508592216e+00
1.772185163898332361e+00
1.774902235841328446e+00
1.746885802502127660e+00
1.734536019461955902e+00
1.754846283923430450e+00
1.781157859123800424e+00
1.782080392021703208e+00
1.813008509233623000e+00
1.837751003003158745e+00
1.847481634387583060e+00
1.835139412232729139e+00
1.825265634508845380e+00
1.807303248698534093e+00
1.823123430943883294e+00
1.835779576740162566e+00
1.886157947901988097e+00
1.876143826675456650e+00
1.878195893325421695e+00
1.879837546645393376e+00
1.881150869301370765e+00
1.841948072901351541e+00
1.870966017568545636e+00
1.874053646039892884e+00
1.886587112448174341e+00
1.876487158312406311e+00
1.868407195003791710e+00
1.861943224356899407e+00
1.846708684208181239e+00
1.844584415720410764e+00
1.852948364561385119e+00
1.839512796371769898e+00
1.788510887295277074e+00
1.828216269083685619e+00
1.849917210883208485e+00
1.827024509798025109e+00
1.788583621667484636e+00
1.838337820212655016e+00
1.878141179048792297e+00
1.859667047961696129e+00
1.854951106723223164e+00
1.851178353732444659e+00
1.848160151339821811e+00
1.835682225794519784e+00
1.835763248989482621e+00
1.876081522070254026e+00
1.858019322378865468e+00
1.853632926256957969e+00
1.890377263884233994e+00
1.869455915830049220e+00
1.852718837386702067e+00
1.869519265525622087e+00
1.913149698930355580e+00
1.867547136604538638e+00
1.881381904899890767e+00
1.862259628642574771e+00
1.806708353111921017e+00
1.812584150843403519e+00
1.827348152659779235e+00
1.849222717744083866e+00
1.846595642549132776e+00
1.864620709655565589e+00
1.828723945184707045e+00
1.840259988132821434e+00
1.839425458860122875e+00
1.848821199073154231e+00
1.856337791243579671e+00
1.872414428611123949e+00
1.885275738505158838e+00
1.845247968264381200e+00
1.833352479334166674e+00
1.874152906346000735e+00
1.886666520693060622e+00
1.886614048539505095e+00
1.876508707185470914e+00
1.918741252258234997e+00
1.942463924685256416e+00
1.931251971733260575e+00
1.942409136634071887e+00
1.961398232185925350e+00
1.966526144996204595e+00
1.930375020719625967e+00
1.981961030347966446e+00
1.972913019894633635e+00
1.955611247900762351e+00
1.982023284830467080e+00
1.993089550743042171e+00
1.921435654423498729e+00
1.924492719155058706e+00
1.896748280046709478e+00
1.904742819653627350e+00
1.891011724076767653e+00
1.859900120352872888e+00
1.925581110054564338e+00
1.887555629135110324e+00
1.857135244399546581e+00
1.862989027504693196e+00
1.867672053988810976e+00
1.821101657020113951e+00
1.834162157601147758e+00
1.864737285328382566e+00
1.879134023878965776e+00
1.880588051088228907e+00
1.881751272855639368e+00
1.822301668482371850e+00
1.825058803139764096e+00
1.847391238128071267e+00
1.845130458856323319e+00
1.853385199070115119e+00
1.890179082134760380e+00
1.889424097692864235e+00
1.888820110139347808e+00
1.898400283727738724e+00
1.936254513492048135e+00
1.916221079147504724e+00
1.920321058934263192e+00
1.953791133657267753e+00
1.950377102542074637e+00
1.927519150387526192e+00
1.899169425032682934e+00
1.906679735642406115e+00
1.892561256867790531e+00
1.901393201110492814e+00
1.888332029242260957e+00
1.877883091747675426e+00
1.879587305383196849e+00
1.901077403554020773e+00
1.878016027565878598e+00
1.909883744931370586e+00
1.915251191561355926e+00
1.889355057971747076e+00
1.888764878362454214e+00
1.918482825568631256e+00
1.972447274227170144e+00
1.945175287735602776e+00
1.923357698542348171e+00
1.946157081712546200e+00
1.954333224617501141e+00
1.930684048047866863e+00
1.941954797685757184e+00
1.930844670133662122e+00
1.921956568091985673e+00
1.965162904614649708e+00
1.979601246570388273e+00
1.960961829241367083e+00
1.966177022640557936e+00
1.970349177359909776e+00
1.923370082979386053e+00
1.956230352893366886e+00
1.932201750668559814e+00
1.953232323413516269e+00
1.959993417978276309e+00
2.025782475417280182e+00
1.987843448687689918e+00
1.947428863672814758e+00
1.965414013816919603e+00
1.959675406669795450e+00
1.985274611845693427e+00
2.035944066880024828e+00
2.056352903645081831e+00
2.032426518532325588e+00
2.003222046810916090e+00
1.979858469433789070e+00
1.920914153007285519e+00
1.924075518022088760e+00
1.956794700927528607e+00
1.942716592727079306e+00
1.891200651641918196e+00
1.910368080560998383e+00
1.945828750958656927e+00
1.954070560014389502e+00
1.960664007258975605e+00
1.965938765054644932e+00
1.970158571291179328e+00
1.973534416280406933e+00
2.016488546796591841e+00
1.980408305791139911e+00
2.001860931142769751e+00
1.998896304161679849e+00
1.966334511683210495e+00
1.950348441331624327e+00
1.977813039575157417e+00
1.969594627276386234e+00
1.983146624699776428e+00
1.993988222638489516e+00
1.982534773727052002e+00
1.983435378229106094e+00
1.964029134568340940e+00
2.018947685058142927e+00
1.992438980031570939e+00
1.981295379641517140e+00
1.982443862960677539e+00
1.922982467828796782e+00
1.925730169879297238e+00
1.917864967888493810e+00
1.931699533558258963e+00
1.962893913356464237e+00
1.967722689932635660e+00
1.981649074824775925e+00
1.952536728213686956e+00
1.979563669080806720e+00
1.981058494512109247e+00
1.972190991225947654e+00
1.965096988597018424e+00
2.009738604649879967e+00
2.015261806598572125e+00
2.029743731788715699e+00
1.991012453784839042e+00
1.970090795012927831e+00
2.033860377045002110e+00
2.084876042670660290e+00
2.065308393383992414e+00
2.039590910323454409e+00
2.029080287506226821e+00
1.990481698358847584e+00
2.009919645196936333e+00
2.005343275405013337e+00
1.961428725046673094e+00
1.986677266547195675e+00
1.996812736116424958e+00
2.014984475402997077e+00
1.999331775938657074e+00
2.006936343629592834e+00
2.023083361413532177e+00
2.036000975640683830e+00
2.036271703391214771e+00
2.006298194698027171e+00
1.992382751374681460e+00
2.011440487609603256e+00
1.986433222072739202e+00
1.996617500536859824e+00
2.034955014201753620e+00
2.035434934240071048e+00
2.025755506639521197e+00
2.007948600927876637e+00
2.033956530883362923e+00
2.044699511216548249e+00
2.033167168220702870e+00
2.023941293824026211e+00
1.996433867044277166e+00
2.014681380145279199e+00
2.049406117888489032e+00
2.026869089927051171e+00
2.008839467557900882e+00
2.004479133293784798e+00
2.021117593144885038e+00
2.074681815550567965e+00
2.067216375319122612e+00
2.051180659502762182e+00
2.098732268636868348e+00
2.116646828681760351e+00
2.050471567668070261e+00
2.057911540644313586e+00
2.003483337238113116e+00
1.980067501775546690e+00
1.981461560667901356e+00
1.962450080519377638e+00
1.997557714556563724e+00
2.015580458155108001e+00
2.009871925771550050e+00
1.975115008971106034e+00
1.967436202793145128e+00
1.991483248744373213e+00
1.960404067349364343e+00
1.945604085864548027e+00
2.004207646095108153e+00
1.980646948861142675e+00
1.971861754705173553e+00
1.984960326642806194e+00
1.985375820561708249e+00
1.965581488434422486e+00
2.010126204519804283e+00
1.975318431969709909e+00
1.977662304823232464e+00
1.959410675843642480e+00
1.934746009028779579e+00
1.935141002839283475e+00
1.925393634256482800e+00
1.937722466652650244e+00
1.937522168938380585e+00
1.937361930766964280e+00
1.957360467492239353e+00
1.993486024134853096e+00
2.042513196711351675e+00
2.041481480247749225e+00
2.000402652552065952e+00
1.987666317657912796e+00
1.977477249742590093e+00
1.979389359041536567e+00
1.950728955587095470e+00
1.937863996454731730e+00
1.937635392780045152e+00
1.957579237102703429e+00
1.963470948929626925e+00
1.998374409284763065e+00
2.026297177568872510e+00
1.988255210408964135e+00
1.988011727574635845e+00
1.997880304938377094e+00
1.965521712304567403e+00
1.969824929091117838e+00
1.973267502520357652e+00
1.925704743107743866e+00
1.978224808258460143e+00
2.000114133116625226e+00
1.967308774847165820e+00
2.031634760912392146e+00
1.992525277083780022e+00
1.991427780914487800e+00
2.010676511241447972e+00
1.995885404609418767e+00
1.994115882934998751e+00
1.992700265595462428e+00
1.961377680830236114e+00
1.966509703911653251e+00
1.930361867851985380e+00
1.961823780791445371e+00
1.936676492987022824e+00
1.926622026374674501e+00
1.958831907609597023e+00
1.994663176228739676e+00
2.013264827492849740e+00
1.957702603085738291e+00
1.973633005347258607e+00
2.036694145312466731e+00
2.036826239128640914e+00
2.036931914181580705e+00
2.057143181486325911e+00
2.053185468067728614e+00
2.070146024595244771e+00
2.083714469817258053e+00
2.044252407838862862e+00
2.052936212780947844e+00
2.059883256734616364e+00
2.065440891897550646e+00
2.049760272765504876e+00
2.067405868353465515e+00
2.021142163036638628e+00
2.034448016939168546e+00
2.085346154585994149e+00
2.035494392022661803e+00
2.005676345603185862e+00
1.991885272098808501e+00
1.980852413295306702e+00
2.042469671670905207e+00
2.021319932952984288e+00
1.994336778347442829e+00
2.023067072819016321e+00
2.005797853871473357e+00
2.032235933238240477e+00
2.053386396731653463e+00
2.100496858419981461e+00
2.097931773245842457e+00
2.095879705106531876e+00
2.084174686963893741e+00
2.115064126974584902e+00
2.109585588089525565e+00
2.105202756981478185e+00
2.091633128463850078e+00
2.090840789280937972e+00
2.110333645197016494e+00
2.125927929929878335e+00
2.098149903191367294e+00
2.045737390906960051e+00
2.084314290129037683e+00
2.095049082244291760e+00
2.093573552305291408e+00
2.132646582878892527e+00
2.143778280075379516e+00
2.122493546938971853e+00
2.105465760429845457e+00
2.111970258484937801e+00
2.097047129666617771e+00
2.105235353874356008e+00
2.081595842346948277e+00
2.062684233125023248e+00
2.057618309378686838e+00
2.063628934012807115e+00
2.088564160982511630e+00
2.058195524402269605e+00
2.104344160556474996e+00
2.131199705848649817e+00
2.122494051188778208e+00
2.135656254723288239e+00
2.126059290288488057e+00
2.088191627847050036e+00
2.078024225156307914e+00
2.130270484790909968e+00
2.121750674342585796e+00
2.135061553246333510e+00
2.125583529106924718e+00
2.158254564320199798e+00
2.144137937966017482e+00
2.173098091407473564e+00
2.186202850529448849e+00
2.216813385089422273e+00
2.180921630950206414e+00
2.152208227638833016e+00
2.169490959514535966e+00
2.183317145015098326e+00
2.133997911628338962e+00
2.164986070337330482e+00
2.149523142779722118e+00
2.177406255258437007e+00
2.209776108872612888e+00
2.175291809976758195e+00
2.147704370860074707e+00
2.135697783197918032e+00
2.105965785805798962e+00
2.102306915154497524e+00
2.069189727739858320e+00
2.062822705070554541e+00
2.087919177828709394e+00
2.087869628772824449e+00
2.097893353159321350e+00
2.146165787193319741e+00
2.084150098108521920e+00
2.125107819521477204e+00
2.137747269389447702e+00
2.147858829283824100e+00
2.166011440830529100e+00
2.150343439174281279e+00
2.137809037849282667e+00
2.147908244051691895e+00
2.145924245382414774e+00
2.144337046446993522e+00
2.133003923667452284e+00
2.113874061812629268e+00
2.128760263222369442e+00
2.140669224350161048e+00
2.160259756883598836e+00
2.115552001123139014e+00
2.120039251039572914e+00
2.113565687341515620e+00
2.128513563645478168e+00
2.130408501057444060e+00
2.121861087355813247e+00
2.155276610919309999e+00
2.141755575245305465e+00
2.171192201230903063e+00
2.104171229338588578e+00
2.141124724505530708e+00
2.150560793376689706e+00
2.178236375736011698e+00
2.160123387098667358e+00
2.185886450713593554e+00
2.176306810711936546e+00
2.198833189604208371e+00
2.216854292718025476e+00
2.170890993421883852e+00
2.164310444878569051e+00
2.189236096937514642e+00
2.178986527691073150e+00
2.180850235925123393e+00
2.172277838881160328e+00
2.175483284877194112e+00
2.188111005305225287e+00
2.157959727122848115e+00
2.164028795470544164e+00
2.168884050148700560e+00
2.132514799366424629e+00
2.183926307790207577e+00
2.194865423635635970e+00
2.173426625418366509e+00
2.196529041369352342e+00
2.144567428711741108e+00
2.133188229479250797e+00
2.144211597355666576e+00
2.132903564394390994e+00
2.133920501656574320e+00
2.114607324203928052e+00
2.109220145873000440e+00
2.135100494101870083e+00
2.145741409053761206e+00
2.124064050121677205e+00
2.157038981132001432e+00
2.163292198677866818e+00
2.168294772714558949e+00
2.162233468312709128e+00
2.157384424791229272e+00
2.193758644498847055e+00
2.142351111215337944e+00
2.111288448219734271e+00
2.096501681454455479e+00
2.064545540779823884e+00
2.109424173658518864e+00
2.105073625436672646e+00
2.091529823228006624e+00
2.161201690510677231e+00
2.146495638918399784e+00
2.164920888538189647e+00
2.169597724602817745e+00
2.153212466192111485e+00
2.190421077619552737e+00
2.169871148605500455e+00
2.123241114500660665e+00
2.146317269003998440e+00
2.134588101713056574e+00
2.105078040617908819e+00
2.141850173528986545e+00
2.131014425333046525e+00
2.132409190407499100e+00
2.163715093360659036e+00
2.108252906673583116e+00
2.144390066373526249e+00
2.102856248715080589e+00
2.099819285481922204e+00
2.097389714895395052e+00
2.095446058426174041e+00
2.083827769619607473e+00
2.064469774943149982e+00
2.069110106464377541e+00
2.072822371681360298e+00
2.035538729330144569e+00
2.035901906342783896e+00
2.026129084321691032e+00
2.008247463073613126e+00
2.054322347862360232e+00
2.060992164799745119e+00
2.076391381980857709e+00
2.108837482988155987e+00
2.074414182006785179e+00
2.107255723008897519e+00
2.103338864916975304e+00
2.090142014812248483e+00
2.079584534728466938e+00
2.091265277923835875e+00
2.130799963373728012e+00
2.122174257208840231e+00
2.115273692276929296e+00
2.119816603962604518e+00
2.113387569679940903e+00
2.108244342253810633e+00
2.104129760312906772e+00
2.100838094760183683e+00
2.078078035055611394e+00
2.079996714554346315e+00
2.121785112678137075e+00
2.135089103914775244e+00
2.115542206010488258e+00
2.180411596736661295e+00
2.171926927530390294e+00
2.155075828534170235e+00
2.171785040230806096e+00
2.154962318694502610e+00
2.181757595990261311e+00
2.152876999670877645e+00
2.149899249877763818e+00
2.147517050043272313e+00
2.125484562913285913e+00
2.138048664102893959e+00
2.138036581423377047e+00
2.087710097123758324e+00
2.087702364208864569e+00
2.027315996089754435e+00
2.069577174275272657e+00
2.093322753192484065e+00
2.082129125432655492e+00
2.093300950487186007e+00
2.082111683268416780e+00
2.053033542230993103e+00
2.059961120294651948e+00
2.075566546376782728e+00
2.118240978136086028e+00
2.152380523543527602e+00
2.139438705344679281e+00
2.179402068941607151e+00
2.161055941663143187e+00
2.156442403471575453e+00
2.162814936549525946e+00
2.137722872118288819e+00
2.147839311466896106e+00
2.135805735683374174e+00
2.156368965950169247e+00
2.162756186532400982e+00
2.187992690260580186e+00
2.188055165980729466e+00
2.147851692032047399e+00
2.176069094660297853e+00
2.198643016762898306e+00
2.186512063551380614e+00
2.176807300982166460e+00
2.179106854557999018e+00
2.160819770156257480e+00
2.186443557159665652e+00
2.186815859499998460e+00
2.156923610478666653e+00
2.173263265786403053e+00
2.166208262770183524e+00
2.200817714882009390e+00
2.188251822046669126e+00
2.148009016884799394e+00
2.115814772755302720e+00
2.140376195607712084e+00
2.089581788471225998e+00
2.079136353655648861e+00
2.111033460327988109e+00
2.106361054772247776e+00
2.072433039434058433e+00
2.115734172581906769e+00
2.130248351837791265e+00
2.182113149767300975e+00
2.193414897217310422e+00
2.142076113390108283e+00
2.181511995377950264e+00
2.112427064656226428e+00
2.107475938234839141e+00
2.133705127991341044e+00
2.124498388902929857e+00
2.147323088525813439e+00
2.145456120961712454e+00
2.164089274172839250e+00
2.189059160372930357e+00
2.188908342070610136e+00
2.208914414691148131e+00
2.184665818262776504e+00
2.165266941120079114e+00
2.119557748512323592e+00
2.123243848950920665e+00
2.146319456564205641e+00
2.104399760867624813e+00
2.131244186097569493e+00
2.132592999019117030e+00
2.103481958462757095e+00
2.140573307804865433e+00
2.109866205491356173e+00
2.155744069058948664e+00
2.192446359913021947e+00
2.191618101702682786e+00
2.201018858765615871e+00
2.178349373522350252e+00
2.170277148958942526e+00
2.183946096570623663e+00
2.184817891028764336e+00
2.175451962964072727e+00
2.137769129618722452e+00
2.127749590204835783e+00
2.139860685936133766e+00
2.139486198889969160e+00
2.169376700146634196e+00
2.142972282995975863e+00
2.152038840169046896e+00
2.179418813169897273e+00
2.151005973414585437e+00
2.158465792503933667e+00
2.114116829619406612e+00
2.149081204730184602e+00
2.106609159400407716e+00
2.133011704923795548e+00
2.184323832236103158e+00
2.134803261405141761e+00
2.105250168371577413e+00
2.141987875731921065e+00
2.121061223464204115e+00
2.144573356174832579e+00
2.163383062343335439e+00
2.188494190909326953e+00
2.168329639237319473e+00
2.172324725162121606e+00
2.205710884795560212e+00
2.182102994346306168e+00
2.163216681986902756e+00
2.158170995730583464e+00
2.154134446725528562e+00
2.140841843890279872e+00
2.150334488884489303e+00
2.147865241248652524e+00
2.155953206771187070e+00
2.172486942820418765e+00
2.195777295290994857e+00
2.184219486373856878e+00
